1780155981
3628269495
6003829959
2530794854
5792622457
1606382682
3213771595
6323777769
5450163017
5518019835
3425202532
1900099621
5384174333
2900648795
3032484834
5445007742
2826933223
5677362654
2129682971
6257996523
1744928267
1840908585
3150651877
2935232825
3853338600
1770990897
5409144279
3362614872
5821099756
1679579535
2009244881
5453076579
6040754220
5980250425
6113341587
6063348228
1401506380
6348242396
5668417736
5875285574
1021383844
3227162210
2822966411
1528227030
6053314477
1773469900
1774563044
2530787427
6025016123
1932073112
5807764372
3232278584
1733572854
5434342943
1789880007
6148142999
2234163764
5503102654
2691652767
2832885150
5310166411
1728369993
5420713645
1994356454
1868721610
2066410163
6032387365
5711380665
3199619687
6346080895
2023598827
3984057438
2168680014
5199746390
1805576365
1816711264
3182967211
1572675480
5032000384
5397111488
6368146797
1882579271
2514846287
5652450379
2687453390
5683531308
2520293545
1778828592
1913728201
3286733534
1647340352
5878972490
1883766114
3051271563
6078011598
5074534531
5810375609
3376881850
5863917338
3952898065
5744184623
5703713673
5499899825
3624755112
2626359433
5494596224
6039910384
2501370981
1846745157
6186237284
2759118927
6022476557
1857181831
6357655278
1945628267
5598707921
5314637692
5192272664
2566549852
5867479394
3988656877
1821153443
2144579885
1900123227
2173988587
6185015879
5116205726
2717793211
2270858343
6089418819
6097095424
3625466047
5239190380
5627016441
5106983830
1781550043
2809865057
6283158283
2293722800
2014772044
5210068779
1834339057
5174018190
5391863013
6343116915
6277332998
3880098969
2754480235
2159261414
1767993651
1609100545
2531763985
6093744498
6162952196
2519193852
5458667399
5628341018
3182627284
3992375309
1738271351
2085811983
2594916725
6113102608
2243329651
1739576372
5648511900
3930178268
6155790791
3755047455
5785050324
5208177321
2139814643
5626103661
1967686595
2019797735
5482455509
6105564047
5776345101
2419833790
3859794167
1779679100
2706885250
2611835294
5143078005
5854372049
1843713292
3699570497
2646190700
3346887934
5574786412
1727312510
2477404062
2170844530
3946965949
5545485746
1934133355
2154227112
1688121847
5306614174
6322911365
5833924658
2831154961
2150717447
1893098347
2440592951
3935905871
2506483081
3924149321
5470184733
3030946775
1785392914
2681983864
1817693050
3204500792
5833996915
6142759901
6364370985
2827855931
2396699571
2676289777
2901474143
1913339672
2070039713
5038013609
1562660145
2994654522
3854783660
1844168961
6021540485
5696645134
6345091238
5242011402
2918641763
2771653102
2180115662
3867217508
1783933611
2154494373
3291340041
6368342255
5994455616
2565940722
1968358293
5788966879
5066313067
3701749421
5387367341
5471092918
1905501663
2038612333
3090633737
6146890123
5251599476
6300697797
1770230102
3834880096
1782689287
5599646744
5547037097
3262389971
6290501635
1863333165
1927897693
2117089995
3905158465
2259104487
6348957129
5977230981
3880255632
6193150984
6056556926
3228464890
1240273315
5623694924
5297286378
6189997014
1881734464
5364291143
1841594473
5736411527
5180407860
2851905292
5522031785
5886405045
1107546795
1957212575
3844954377
6326602853
2747610442
5643859936
1790302973
1935562242
2830276472
1744870463
5105526559
1411644214
3607491420
6331865279
3222581224
6091302441
5727499856
5969718630
1806220543
3304449505
1770112717
2752059331
2065659373
1742741937
1956070054
5692550186
1748176667
5353387082
5487347072
2793258507
1967030745
1272558565
1811091640
1806693674
1788437791
5632844603
6332266267
2069241271
5328902381
1784856103
2201450193
5374124261
3822154812
3857951422
6373367310
1357618354
5173636880
2037428651
5395023671
1978089713
1102272615
5847638656
2388735801
1623036787
5416770271
5328431945
6089779294
3174357323
1841440065
6028723523
2608658172
1719176444
2120944895
2011485044
1133688281
5465326320
6337509979
2384882024
2456298593
5501663426
2706728331
2107537500
6336300520
3241593332
5836247546
3163792633
5762410023
2843081834
1872840222
5087607010
1728214585
2845215150
5170506850
5846524831
1937525034
5677342953
2007476867
6001770559
6206013228
6053484701
5227787903
5994966461
2562909447
5824468033
2897653713
2345440853
5172478050
5393280180
2199243733
6075387781
5873674219
6334199023
5358179044
3088993372
5424525971
2961469094
1312790773
5627660095
3182541092
1642300071
1223038505
2023077331
3234117980
2251735757
6236063051
5254897563
6026187693
3625422753
5394843424
2630393303
6004977548
5645094500
2176431685
2276810174
2463656535
5869421097
1817813385
5357649140
2029618803
5510405906
3738550975
5371518872
2934607491
2106632855
6149238303
3991731415
3188566013
3935077052
1567156651
5560822043
1790787997
6014994255
5092526999
2620957855
2126302342
5422272901
5292801557
5150671383
5417688712
6165884408
2731664415
1772022593
1760936745
2612176945
6251614483
3126992243
6366819043
3954360970
5717879850
5289597640
3278184175
6264239587
2855391997
6372981708
3292786977
2823062753
1095082674
6070869523
1501482420
5836527497
3713234092
2363428873
3298088835
3863248798
1368320663
1812889232
6136567152
2894780495
6208283804
2662939623
5902192164
5638863044
2272677827
6074190405
5982228440
5264998507
2601890220
5949669384
1208405861
5394114230
5405397696
2313930065
5832298489
5515970949
3933198302
2055093463
2143079117
3463839962
6310205937
5607203474
5717982710
3306027837
5309329799
5208293136
2717099351
6256314684
2249769441
2135113501
6176101753
2010955235
3286294553
1752781724
2488117762
2546515740
3140652713
5772766837
6109894513
2317817012
6091156672
6238456908
3658947311
5386929597
6056345808
5582682768
1916762291
2671392000
5354258341
5629931466
6070157079
1938318157
3235873005
5501016748
6255648227
5872579309
2857164594
2141396531
3813120775
2940124897
2659162033
2646559151
5357011000
5676158315
5931339398
5535961694
6031480163
5034255844
1771530545
3170768257
6337612560
2692738191
1796496752
5177101567
2624991534
5860088366
2722097193
6352535004
6058251315
5485917668
3201105450
2620896905
5182563463
1799755030
2833763942
3866243923
5344848411
5303640545
1784804592
1760786194
1944579262
3986378775
5932756564
5139494606
1880398292
6351975623
1656193663
2778125873
5865619542
3221362873
1731556567
2621310203
3758913673
6079599513
3865422269
1730463500
6213769961
1962085735
2605965123
5937814299
6033025938
1648549617
2809626630
6370052755
1782360154
1969244607
5746424041
6089839894
5704672523
2385106757
5494455824
2927687113
1889375255
3275032082
6365035974
1743128881
1112173093
5635098920
5662241453
5319095414
2157003460
3324722164
6296308552
3355122872
5633195973
3821799491
5706470224
6083778926
5226301703
6323435858
2179409950
5753788015
1764693064
5591095681
3258018912
3551117167
6217765073
3162248747
5898545385
5671419868
2638746762
2423991675
1943570162
6339587167
5628092410
3479739325
2083592085
6028784917
3106643597
6067478469
2462216825
2658991937
5700880403
1747925651
6050021165
2313702500
5686916386
5766340311
5617921039
1663608435
2003800465
1864089977
5768135082
2497793560
2174802790
2160920612
6231828129
6186180586
5290464262
1868227622
2386278391
3890245837
1618385593
3850502610
5754702818
5738524942
5234733994
3127631225
1635933834
5398375278
1747055850
6152111901
1510395590
2806226000
3846234168
3493157013
2110979701
1756365741
3297526583
3040369444
5352878520
5041433380
5643366591
5269308421
5905451127
6367020641
6137669367
5686713191
2687122471
2694781742
2466537844
5824397452
2627200461
1925482151
3137453391
6180149091
6152127792
5040336426
5911053515
2369147041
1898852607
5204416990
3665035130
3046243015
5656589374
1719847527
5335474284
2632436451
3267669854
3389309112
6085509237
6371939569
2645236147
2519386124
2949972953
5518795426
1850529653
2975997964
6048247492
3956927732
2512964280
2033207105
5582122803
3215458622
6364531877
5822062133
2650875303
3196776493
2618316691
5994955947
5744453871
5680166067
2949254580
3721759773
6100462854
1295682497
1874635753
6193325977
5351754275
3971949538
3317138305
2307732054
3849812783
5856256425
5614277008
1810392027
5656275853
1761772620
6268170785
3545315421
1735508405
1864823127
6278184885
6284225803
1634371994
6293972718
3802229836
5770895213
6205842233
6268186043
5735276347
6218525352
5661901484
1765350664
3423869482
2715976921
1774311654
2418013775
3267105492
5653678039
1082466467
1829755052
2609406443
5868391594
2400717805
3219807094
5064913471
2437820124
5579409519
1710699803
1648868150
2736378087
5621225668
5761427448
2270507497
1561701355
1868787832
3059783511
5905882110
5968544490
5473323820
1864834074
2719387961
2603562362
5635709845
5933200004
6345730642
2139495863
2276659213
1101814317
1803890884
2539976261
5627464146
2214085981
2715605110
5747030599
1997273834
6089609481
6351823798
5336226140
6140433165
5136877904
3188176572
5693865678
2131030355
6037373625
5289796195
6372948166
5826329562
3814614833
2289088942
2644694431
2909334401
5869823131
1418983042
6160568326
3222584634
5189882579
5232100471
5393399269
5826379171
1906363637
6240450961
2733034210
2005224075
6299528002
5299236224
5118918419
1757477043
2675534781
1908446125
5942706425
5576740070
6072667671
6193265787
1908675164
6090506768
3255097990
6003922155
2502663977
1846813490
2356022382
5869680022
6372043336
5124885045
5509116166
5150101333
5448965579
5595682952
5308649124
5638749190
1856962624
6364500278
1796622291
5778904290
1985629605
5634446530
2218283583
1007779192
2984759033
5660806053
2750746513
1869403812
2071558781
6369478451
3880521819
5018793947
1757965515
5226193352
2698845123
5093984834
2640759174
6047983137
2136478173
2250399652
3748208167
3777791857
5964201834
3925675812
1870544760
2212690024
5306814073
1889808625
5835813340
2748653547
2129327353
5403405296
2806095815
1705996735
5394615799
2386548597
6068298177
2833238422
1151735113
5879267315
6045874825
1641207351
5750236203
3938250180
2483615507
5925496914
2920653545
1858664380
5389872821
5276645694
2731767040
2951164233
2682253262
2804356262
5252102689
5115405668
5447852828
2513625720
5514643509
5321451712
5684645120
3288023832
5446886280
2003559834
5199709730
5119672045
2000353385
3030183571
5017976378
5230977744
3131703137
1756734277
1363458463
2141894650
1818744904
2618512777
5386500509
3380018812
1651423841
6064229019
3436301812
5674010483
5463601017
6315223484
1044452873
5652343784
5355879534
5465791739
5345865583
3908180320
2112648463
3418848800
5481299034
3184296267
3937507220
5534492376
3228694173
2663024131
5190564133
2302052990
2338018395
5310634799
6339073648
2315453222
2631008171
1742073330
6369010282
1610480511
1836598295
1769918141
5823626449
5738720680
5856629903
1118671394
1956801984
5124346801
1931652493
3059894255
3268233934
1834652401
1841504883
2871070062
5463152587
1806766641
5856334423
3210917823
5320899821
1783898582
2535447561
6011896544
