1626506953
1826643727
5156251815
5121270743
1225205711
1344280113
3018237163
3249656920
2372357442
1737588567
1883881851
1813080181
1864605465
2674018164
3238153434
1288369910
3901429666
1344386244
1769684987
1717629720
1891502860
5604000425
2173849572
2349227985
5943595658
1791867263
2527613275
1220926753
1756627157
1699939304
1728148193
3927379460
3919678163
2385069490
2189608911
1707178184
1614747181
1682352065
1158709993
5658957465
2074501384
2087169013
3920871143
1708853044
1224685661
3463207204
1192515960
1730502654
1507921471
2191588464
2509266512
2060029603
2882083237
5907262772
3258200714
1733838873
1246788271
2375086267
1642088277
3633542200
1671416800
1557111167
5710242575
2744950651
1252103722
1868725482
6081887607
1262486753
3944068535
2804506181
1674427277
1497005993
1219847813
1969308311
6294417401
2186363183
5216035282
5182575519
3952070245
2421430583
5097562275
1253491601
1877108073
2615825191
2995631244
1567852087
3237071730
5208724334
2634154091
5574737580
1861203461
3479538082
3817188860
5370650886
1993901865
6028544321
1874684535
2772949450
1904769205
1924007153
2094354492
5576042657
3756087501
1689219395
1252036043
1807135494
2715025067
1740197697
3083675110
1270490921
1815864045
2732509803
1956700750
3175707612
5574029246
2405882795
3922562170
1227328177
2054996223
1806910981
1274327470
1982163497
2537882762
5413667853
2668793651
6016915204
5310675167
1831348402
1874025570
1250041105
1098618600
2527609665
1745746033
2127999355
1908758204
6004302211
3948487233
2143116435
1716577367
1216431741
2834835205
3419305134
1362607654
6067848723
6202887421
1649616130
1563760787
2607395954
1259295385
2115176080
5745465811
1229549950
1275795921
1744395855
2360812967
1757353251
2103197132
5372561081
1608574203
1822299354
5340337769
2705688633
1934403631
1295560007
1816029971
6077798496
1642566747
1299532580
5865726068
1747008532
3826167928
1713053037
1642591402
1686532492
1648254924
5217055607
1638782947
5936137028
5639143988
1920061532
2108922361
2080259373
1241148864
5865978693
2810373291
1835296333
1684012243
1665074831
1816235843
2708629577
2709577332
1659490917
1659041705
1639804820
3622517191
1700720163
1857740417
2509958092
2018925253
3934678684
6202737026
1534939700
3542297544
2231350825
2945931603
5136362277
6278580139
5879823459
1655665171
1914100420
2295389250
3069348215
2609400635
1402602034
1670645393
1780481403
5942269454
2011075080
3578479905
1198920804
1915389755
1897320685
1686230250
1626002531
1665372775
1878384807
1914170245
1227636382
1736315592
2031482343
1583361742
1771925961
5212268104
1444865141
1774698101
1752502537
3042027813
2004205147
1748852693
1733275311
1985393563
5815607260
2559971200
3305085281
2135988193
3139407667
1684388950
2711369471
2111083372
1602406350
2301726604
1757073867
3786649467
2212758830
5554309791
1378915695
1252032243
2192606857
5643644599
1769787285
1700648435
5318321078
3307630097
1776080327
5810668040
6224460068
1222135407
1663735900
5991896093
3167532862
1826792401
1667860154
1861057780
1775619747
2714376390
5557314247
6000208460
2376442895
1692544657
3914383831
3125368501
5487426270
2659162631
3860171086
5746403289
5902444708
1656831930
1667480033
5116246163
2529861481
5076516542
1985551380
5074408479
5055109473
5922754405
1704116960
1767910704
1722803755
2310383995
1265926601
1604533457
1686546714
1752202132
5545165107
1242290512
5601795427
1656214784
1742942263
1226049067
2518349655
1938284521
5217890053
1800326274
1347680337
5747171149
1732370473
2028810631
6294930327
2154785343
1678613514
2113045567
2322613250
5280948913
1743696432
1728945512
1718455577
5379091185
1767840980
2654419193
3136788225
5173441544
5234797239
1420174783
1839167003
3514313765
6002842109
1697313320
1742703365
2714280233
3284704805
2121745147
1582134940
2817192470
1717675430
2176645133
3208931841
1805319252
1828817187
1651459561
1945805232
2212667031
6353282636
1862695044
1781202627
2518586217
5886337122
5894980202
5704726886
1885797120
1931755017
1689369091
5174400490
3289097097
5496465159
2625738240
1768919202
1087770692
1113218211
1676679984
5754361351
1897509683
3904096354
2746203844
1744762545
2203639017
5642361302
5918987931
1257831543
2609084213
5194257804
1669763744
1721030997
1504965390
1867042172
6137187537
5653410937
1813378072
5674714834
1652484947
1657421782
1871802012
2481092927
5930435923
2870450862
5934050272
1100678467
2431578944
2729836251
1838993640
1730940294
1658704130
1996712263
1657776532
2989571947
1728875812
2930285990
1825457341
5135390225
1676082433
5187173225
2143579695
2378564111
1829847745
5886288469
1559305774
1640663757
1173544292
1239246050
6247083138
2050149565
2258727970
1662055430
1627897870
3226385370
1231759973
5291824241
5743923782
2519379874
1889377232
5070348443
1234739511
1748336974
1215862823
1392859820
2605237860
1193476843
1756505825
2289537274
1806958811
5873389414
3539134830
5648038089
5582998111
5262208554
1596409212
1743308797
1314608344
2665961093
1515817390
2610898374
1787820695
5860115721
2469840975
1093897112
1928240144
3985297886
3664122147
1246850033
3802136340
1644419370
2475850591
1566301073
5950061090
2016713117
1810802952
1614137095
1496814565
2492431184
1278089051
1896820725
2478838621
3220184742
2998639325
1705586121
1286659964
1746664450
2145291155
2640565534
1962310741
1829280943
1735618041
1900252997
3880051096
1943171370
5524254784
1726918143
1225419417
3129816345
1770229981
1645823934
3251314355
1289986124
1916655407
2307519535
1496915057
2687827715
5212940492
1778742953
2970452952
1747534564
1264341240
1191965271
5213724108
1656312435
1749990115
1865901305
5575906264
1245758104
1851881587
2057769762
3264072325
1838833047
5747171188
1623965900
1270344441
1678862287
1781387491
3839260995
5346583381
1276314124
2430964315
1434004434
1983693223
1746580461
3515497801
5928312445
5938757697
1393786362
1644806805
5705372166
2712860252
2512360071
5587568550
1710173801
1964186203
2312920530
6081870046
5260456395
5443673845
2239529624
6004281123
5795209809
1736590430
1249193625
5732547280
1260194414
6004726240
1692801804
2403566197
3962947546
6095013217
2385341970
1197755162
1296492733
1667575473
2475427814
2813469294
5150774534
1904228041
5135808743
1654502821
1786785744
5844573935
1237869662
1988524335
2182038504
2528304803
1722647874
1644587232
3865331884
1213327341
2569522534
1991297257
5620612798
5136753689
1782871497
2097838544
1915843283
1872469843
3266943013
1638629382
1749964961
5710240012
1934303255
3650121242
1640494672
2909406375
1361074815
2089358175
5497993620
5681478953
1218639357
1197930844
1711759320
5699464819
2893056763
5303874222
2011966320
1717122750
2794060445
2784955782
2303490360
1766768161
1841881793
2696964027
1662766362
2552134982
2116182794
1263642520
2705706381
3054615393
1741069204
1893410897
1656737654
1878335471
1814259927
5745465816
5984691065
3506728370
1687056522
1934183965
5466592990
1913663321
2619577243
1947211342
1262449494
3028454517
6085778395
1212569831
2703557921
5053469079
1236462225
3653487227
1751362214
2549228714
5590046102
2219956441
1746841372
1228486722
2025994775
1927070524
5847913028
2043938821
1756667731
1342829361
1807149297
1751209943
2131819280
2328516855
1708767015
1764033053
1249729383
1855152373
2893399571
1623412013
1866882821
5406572240
6349940895
1300419694
1266286555
1212999073
5947623345
1399746707
5506111978
1624923463
3159102865
1290193560
5133215733
3725773862
1193258161
1829870212
2395743084
5126161537
1243528091
5675449379
2643952554
2813165271
1774662372
5860465812
2766910411
1780449083
1644250693
2647037061
1254139301
2678120877
1419364883
3125368821
5947698377
1195813710
2447973003
1292500037
1624763627
1712570933
2214257545
1900698023
5239450309
5954852281
1841218153
1676910563
1629810574
1832444080
1239315002
1878206395
1289997621
1718622107
1719010744
1590956147
1792702427
1773655610
5776731017
1652707015
1730077315
2356423042
1930072831
3392867054
5200478600
5530462081
1850235592
1735950160
2411842134
1197069394
1744769622
1968358731
2513522613
6029767299
1317052044
2817803880
5400369364
1748693152
3179974970
3292362662
1054096047
2142012291
3173600751
1280546287
1513934187
1719232542
5985604592
5995779763
2960574121
1796469287
5426460093
2452933723
1858319430
2748492450
1199573137
1214435497
1970829373
2188971353
1195818772
1255907130
2007341923
1642592432
2439868954
1653255165
3171948942
5407107936
1762331644
5812136799
1222062284
1223165983
2495327692
2747054345
1135520725
1904671130
5261556444
3919040427
5024886937
1078007814
1172294045
1778225802
5680802904
5879271287
1785823211
5699800503
1262819273
1778857227
1680554843
6088522679
2711373095
1316949123
1407722902
3665928015
1266404711
1993350880
3021514657
2497702267
6149858303
1615743184
1751035982
5460991756
1573167103
2155987804
1806128454
1795196332
1255260021
5321120406
3099016097
1656809190
5578118112
1317718945
1506088515
1992613670
3280826170
2219800644
1709157165
1933386274
5672596530
1621323850
1644574352
1720140681
6279635015
2127121307
1822042062
5576276117
2414346194
1761684925
5519208608
6164710615
5869525717
2210168325
1703371307
1671977403
1229144165
5653411119
1263498570
1892475055
2812335943
1778181861
1807419844
1309248901
2703153040
3292533877
1939178055
2735327001
5699464806
5743672670
6070157999
1263762522
1741692611
1850988623
1231317854
1768511567
1228322981
2664572983
5904374462
1872762823
3962283479
1695958733
1775019491
1885486011
1719014980
5930221915
2600926867
3222817584
1649665253
1759328987
1711599694
1765700930
1794838284
1581391477
2309846073
2067756135
3556159861
5126427168
5953365159
5631668785
1886419032
5109911143
6004522734
1889728690
5667879972
2047613403
5865799720
2219064012
1655526104
2139885703
1828483985
1845864154
5699800489
1762509182
3966016723
5201596840
1537790411
2043123631
3910587095
5232055343
5704834946
5836425666
1877716733
1236700981
1571585030
1994516565
5668213132
5166184780
1266333761
1655524143
1743757504
1851825901
2185608961
3630172281
5589792153
1922542315
1236380405
5261837765
1814284757
3204658137
5178832047
2311022543
2090537982
2453133954
5182943889
5600102513
1730336902
2231624585
3042495472
3205085114
2893052643
3359059712
1746691534
1900479703
3838999046
1195210033
1229385395
1266321801
2177142893
3895121284
5242849168
2156460415
3306115675
2162418640
3270034864
5699800482
1662068793
1677856077
1879044834
1770418834
1774860981
1258859614
3081994267
1235733435
2162005694
3194572524
1687399850
1275017594
1707691442
1718436033
1771123430
2032078483
3737972773
2056382103
5913360362
5230569371
6142716952
1195230310
1195242865
1270468784
2409034375
3232338382
1681213010
2948738352
1280784723
1660646684
2763358415
3511727907
1863847262
2206258462
1497176560
1707679453
1916986680
1701887397
1731285993
6041830364
2049875433
2975979770
5991771342
2609926622
1242213702
1776845763
2560467107
1237313773
1526449335
1549364094
2415848337
5883448415
3859183304
1046222077
1665662404
1758061625
1721131891
2166297137
1738498871
1730330447
2109512997
5269842709
5995245494
5745465819
1307651590
3856976436
1706987705
1880246651
2625858604
1892464897
2823170691
1254123322
2527567595
5922468009
5498841630
1596103295
1847672711
1773761872
1660452532
1644291782
1649005320
1889158243
1783286485
2771532215
1689520375
6074244331
1675718025
3638458957
5675789231
5829543885
2142488127
2554404125
1850268574
5815778859
1195031270
1187986757
1989519725
2906814961
1222335990
1715699120
2024803027
3866543531
2408562972
5822255440
5637248326
3937348351
1779489253
1893801487
5292238569
1958015870
2105807580
2706896955
2902408801
1782432341
5375583682
1641561812
1735373401
3107726980
2105339931
5261263846
1193250954
1235919683
5605379215
1893769523
2049405783
2382356540
1752164320
2701177800
3733371872
2173291530
1660399951
1634785555
1502844527
3904738329
1218869573
1233614454
2081681517
5151684920
1323527941
1195017937
2300716454
1979217997
1663072851
3365597502
1664000191
5392251344
5180728630
1757142323
1691703935
2293434562
3323442082
1974808274
2118524565
5230185123
1926909715
5833583486
1653689003
1494848464
1252397723
2442163043
3231047610
2534870595
1730113683
1765813640
1628951200
1898902013
2141934923
5486563274
5467852665
1235733075
1423424121
1740006601
1320135280
5896449921
1755370981
2659788721
1787920531
2141334915
1817162382
1574684061
5414109745
1842262067
1736693382
1246130430
1986481745
1765870915
1974576991
1658035485
2435939794
1251000504
6034707888
1252373132
1638781994
1054009064
1768305123
5608433557
1720788860
2219523390
1347118243
1483820045
1213536224
2683843043
1763864272
2138930392
1824553760
1770438374
1955190431
3192225032
5928875722
5973621471
1251372271
1412779214
1677334894
1854627907
3985527728
1193257803
5747171271
1380274560
3125368511
2320711045
2714169800
1195381367
2748597475
3276238870
2936059657
1665103091
5195897697
3819871058
1912136333
5174609811
1282440983
1919485367
3922774869
1908368722
1795572035
3214649904
1642512402
1779850265
2791546850
5261539903
3004978731
1337925752
1815759383
5196622863
5872605952
5481316653
5747171260
5747171267
2434278907
5000609535
5977512966
1682207150
2893057857
1706372681
1746263014
1162178432
5904346184
2231724507
1006205227
2044050364
5751412092
1280981624
1966380590
1291477752
3043581645
1223179064
1752510323
5957836033
1647910344
2608419283
1069384980
2080115155
1838598957
1773041022
5899719069
1944603171
5944243251
2248502817
5754827283
1729754325
2113076563
2713686834
2878439511
1196129047
1651428902
1213529407
3948798687
5043877820
1867061092
1762719777
1899702230
1776903733
2139359753
5626139459
1900383213
2670125917
2166176431
2376651642
1291021104
5127716917
5173736345
3800468188
1752467960
2103028975
3242346400
1743938470
1246229612
1698229264
2257789530
1726644942
5578381471
5796731205
5190287350
6065255972
5252178789
1640552915
2091390311
5448480859
2170080187
3125368831
2684863971
1680241201
6023864410
1769165581
1805286132
1751309223
2055410091
5623328200
3920631851
1762696131
1693054775
5620452341
1257355460
2496393764
3618099141
1708288824
1211441627
1731986465
1851231782
2066785327
1767981164
2447680824
1211710022
1677969704
3312008743
2247657845
2045843190
3185441785
5745465661
1288915263
1772439462
2516014697
1191042674
1750403737
2315579285
2713019943
5117919180
1164475834
1916310327
3099282643
5034066423
1173544654
1262456801
1241314924
1735060364
1194869670
2646163860
5699464812
2719150250
2809310870
5663302308
1529573474
2330209620
5902852248
2243807243
6077805247
2505894464
1847798401
1249159055
3851597278
5200766322
1517934944
1797270765
5291032498
1788474967
5466286143
1744583555
2014570227
1895327843
1644225642
1792286151
3227512260
1747104004
2686330651
5064771555
1594052081
2160160857
1384615417
5720474518
3191534861
1852931021
2397997330
6330608776
2154597573
5107361689
5901067067
1313744471
1771088177
1875781361
3148758435
1496883447
1213058731
1193256814
2543858012
1497087080
3276117161
1802264644
5059187293
3705245814
1234452161
1275280670
3479290910
6164710267
1731769015
1717858734
2672331597
3200673035
2673726341
2557582922
3965862077
1195228387
6200985653
3100185195
3977475932
2657550845
1350995007
1653460650
1197199510
1713926427
1836384951
1749685812
2326437920
6003809445
1243667280
1751675285
1839673641
1575326970
1777924625
1656565920
1604363024
1648764935
1246792191
2759751670
1097201945
1413971423
1255849511
1750903687
1824780557
2015108055
1686326292
5582847982
1852220282
6022569467
2614876681
2726883997
5572759558
5474534259
1793598474
3306279953
1086782701
1644114654
1649159940
5269033014
1721401001
1744653127
2803301701
1717759773
1791654865
1271394395
1632234453
1975548657
1913189251
2827686890
5699464822
5608272697
1696695190
1816618865
1703704777
1234872834
1801631004
1646239802
2144576481
2780480850
1687865847
1713100305
1680556193
1264257802
1821898647
1290404267
1878546883
5392645503
2703912407
3229125510
1218698200
1776173037
1781188483
2140462340
3216200194
5619027667
2289674265
1268518877
1735957450
5071488810
1717175282
1213395722
1743040097
2099181812
2368746162
3341507382
1275784277
6047199468
1750428112
1794824567
5331542240
1722594714
5698023579
1653556670
5541219415
2671109275
5541345550
1652194081
2000749772
2134671703
3970319509
2451705144
6118375776
2178526787
5319457132
2929743983
3226684390
2993049293
1759330857
1761179351
6050873094
2929906305
3197249862
3018242917
1806062307
6041616816
2231283485
3768854581
1632798537
1711523125
1805009330
5793213789
3483741641
3913886039
1689023367
2047935624
1806080943
5910122679
1647334697
1713031610
5669038139
1649173367
3766773034
3018218007
1863337381
6042087469
5112477755
1277127435
5699464823
1663363857
1660209951
2734116907
5648507852
2090591961
5186027114
1671526850
6231402423
2501273972
2497052030
3200498577
1803526210
3164835813
1658364043
2535267903
1687422352
3712035812
2838754010
2591595652
1642632622
2144287705
1195354434
1320355271
2812049784
1749783560
2681064973
2219227283
5086594940
1640365687
2278809187
3539171773
3879293449
2615346774
1736054365
5882983275
1832447572
1195201334
3981271467
5624151625
6161772743
1845675654
1965715555
5716783177
3860310058
5699464807
3097328157
2109617280
2077800005
2263913525
1234867763
1763990660
2606947462
1977278337
5820125297
1736257710
5745465827
1838921261
2850527334
1888068592
1776266241
2367460622
5798155111
2608693591
1757449167
5041262490
1596931083
1822884154
1906257933
1642904381
2040909313
1913624330
3912522941
6105713761
5073481692
2219088342
3694919990
5139560418
5477320351
1857570982
2140645183
3258571832
1217933782
5608766991
1793737727
1344360230
1830010621
2282201403
5705021476
5749042654
1741514817
2345544584
1345566427
1789834424
5492443184
5621509969
1196474352
1748548681
1744825334
1774978073
1025708803
1688213071
1807134561
1257866011
1726735172
1907542963
2657303805
1749220481
1761731257
1740019791
3917225829
6027167937
1647258043
1860128420
1878677363
2864463311
2728651664
2512591982
1463707815
2397991440
1233064422
1296234914
1231067520
1778330365
2095326403
1752045510
2206430561
3669102477
1623886424
2615417307
1563092034
3610784645
5836533026
3368110604
3954698413
2489923091
1756505647
1412922410
1841391791
1197161814
1391230884
1703697272
1707427294
1749975705
1261700994
1727548672
5297643799
1871110130
5336726164
2687299131
1768249682
2528302757
5370284657
2344543981
1678105910
2021822051
1195372250
2313070101
5888671022
3825083840
1756434105
1649166140
5608277679
1802393212
1195389671
5759186675
6012806447
1909622397
5709892136
1582160525
2625481001
1198213514
1666169631
2626682903
1784537661
1713961440
1737224242
2765721850
1744195595
1225563944
1650450024
5029956456
1617902267
1197369013
1895291251
1005570772
5776829712
1642634100
1862364383
1763582395
5212550772
5300405076
1231654104
1650246564
1812531252
1665256992
1060603161
1988800805
1729930211
6027170391
2120454221
1704091601
1659809154
2704560263
2477339061
5871697862
5083082187
1907166177
6137490717
1345943410
1720664360
1253280721
1564562957
5043624874
1991428685
2697416452
1801920002
5699800464
1644948230
1100856704
2142007155
1159768381
1210558765
1732523361
1506711913
5341306507
2968634427
1573953470
5033090411
5940597074
6149859177
1134796120
1454064140
1271329254
2864280474
1400831884
1305651895
1192336151
1786860821
3623353053
5948336939
2994476004
1662194560
2506966302
1049198655
6098505303
2451549504
1680990025
2619723465
2705801141
5765733110
6246486683
1639483893
1866402485
1968202917
1644572034
2297283717
1827683445
1198543210
5112071830
1496070307
1736275134
2829130665
5342268417
1900887504
2141823055
2855071827
1785749160
1307418975
1734255860
1626297211
1213239282
2354950807
1895332380
2110705772
1223081970
3125046087
1726834811
2016802611
5596017363
1230663070
2142058927
1789501184
1340406064
2993746481
6071012686
2440179153
6023871080
3249300412
1881502563
3787942764
2490451702
5955134162
1859691352
1712539910
5167198527
5996184614
2929571482
1211628752
1299491507
1890589381
2386507674
3230715380
6053977911
1737650455
2318910945
2293429280
1404927945
1647850037
5659237191
2048661167
1764222885
3206773285
5849554671
1235576307
1270623893
2231256045
2103206685
1191220232
1934738161
1265020392
5394206608
2286908003
2643981120
2610968961
1862929910
5586100914
1417037145
6190474597
5674554136
1779593415
6017601387
2751313073
3929428825
1644489953
1666454854
1696512981
5661505070
2194402240
5984601062
5187664653
2114134034
1284876111
2454754511
1730714982
1294053670
1764105342
2473373410
3858875875
2141347175
1820201245
1790596553
1794572275
1644088831
1285846970
1764523734
1627825392
5658605798
3177527181
2140585607
6132377245
1198392970
2485565120
5392696152
1258824907
5039775130
1838886692
1821135665
1280761142
1773525641
2626658043
2670519944
3129516717
1685188223
1742727537
1721310391
2764013814
6070149577
2205810053
1655843694
1938699281
1671342103
1821257283
2300220545
1377828950
3163213212
1223762662
3547642417
1713015570
2491859160
1219701947
5540466595
2288577367
1788911247
2010226570
1976847931
2104645281
2054984873
1775564374
5586062169
1745885344
2699566192
1265061803
1645903643
1375612913
1642635773
1830138345
1874469512
2129999320
2464281513
3071912693
5625133989
6330008788
1705180884
1916659483
2334162530
1851599793
1779963950
2401383530
5166106028
1225907163
5369043438
1295950295
3225022692
5822357309
3316144700
2127096323
6190532921
1609648201
5067607858
2865101843
1752778612
1724196104
1748075785
1854424193
2804630987
5598500044
1980923321
1223465794
1193258875
3578404775
3591355593
5994675646
1717833412
1295614221
5814211294
1740346671
1315469422
3133173374
1645853014
1263671407
1674242970
1716761743
5343802312
1643971635
1182391231
1900552512
1431308884
3295937817
2440051591
2957748561
1846575971
5992358951
1780676151
1785559280
2674855242
1724088583
6349839494
2130860695
5659134235
1822796164
1288345514
1663937380
5044281310
2117706524
1498522714
1708942053
1757113343
2282258520
1268252377
1273610165
2430259303
1836003984
2560182670
1927564525
3169959511
5699800502
1670032377
2996899170
1854773595
1300957955
1288803057
1727359102
1865029553
1642909335
1198253935
1168716090
1910672761
2366566374
2646681810
1993305471
5748821494
2034356794
1660235667
5745465793
2432249821
2203959564
3634776045
1567875513
1318119365
1039096957
1196624615
1659390800
1764669250
1767819164
5751573414
1566792693
1653603955
1797279194
1863089382
1241679004
2976376993
1988127344
5260966787
1784473157
2936352077
1877916515
1571904063
1808910334
1835812695
2799770923
5119853579
1309388607
1426725707
1644492510
5468891022
1747506517
1727253805
1781116564
2648157505
2034565060
3166262701
5357651574
5178427053
5882998192
6177529873
1496852380
2173825475
5154200142
5805304766
1454338611
1499104401
1252699553
2936882141
1829335871
2060865431
1751565235
2141791335
3210560642
3782696734
2839619615
1221987632
1192504607
1780417033
1645826702
1747684497
5955353803
1887790981
5492522728
1734818644
5097174964
1196126832
1773283005
1670071920
1779744180
5859349498
1296241304
3239835472
2311362642
1216388157
1732460543
1655507255
2042384407
1246379911
1683304193
1786833911
1941624714
1400776392
1316224750
1807621622
1887344341
2650274624
1189729754
1730454584
1739928273
1670421223
1910171127
2659167292
5565691983
3056560531
5943333688
1291843462
1860563805
2849964471
2948416882
2204680447
3613440743
1718836754
2456253462
2497005601
1711918131
6049304407
1765148101
1788389043
1811363633
1705362162
5521023040
1642482194
1699540307
1749774442
5508734253
5103645868
1857414070
5653096783
2112642651
2216755173
1034616531
1980430637
1345858152
5722634120
1384952882
1594600804
5641866032
1726349245
1640571365
5071854437
5634753105
3085327787
1647263235
2745813247
5245731417
1672785037
2807129234
2143550005
1838905357
2144684673
1843443790
2141100877
1193725273
1284664183
1243115577
1717871843
2169129705
2280893642
1887961351
5881693768
1283686064
1642351362
5996023846
1258954655
5543153302
5059826828
5886225740
1192329893
5198796746
1655890975
1844477730
1835459057
1708004923
1343887012
2953031917
5741801557
1198251274
1750070171
1766610575
1577486495
1740573077
5955746581
1810632930
2909224002
1786798824
3739825350
5103064782
1625646585
1771140437
1784825491
1601563722
2399301482
1697601814
1227086635
1496863785
3484986413
3874761844
5041507691
5075426576
1672418622
2126870482
1256857734
1865959321
2861037214
1875034341
1768227670
6136832851
1801055875
2141853335
1593881983
5243061255
1731972042
1714732373
2451876495
5747171293
1937439635
1765518143
2883399355
1234692083
2305056670
1854743504
5664257294
1195054531
1732833563
1928010053
1195366567
5042478371
2238257864
5201433975
1721396755
1221923871
1644395354
5144723923
3975515581
1671194705
1225899402
3550679687
2414490394
5617180703
2297493511
1199430302
1267051322
1890174912
5878659096
6279569975
2032139271
5572283553
2158697171
1518966617
1511484000
5586771466
3948713134
2641686425
1809054937
1863215722
2242472617
3230122083
5362336233
2598520421
2963524621
1757573407
1736184365
1662214194
1195300800
1868478315
2154583655
3835580550
2057932402
5745465669
1191044977
1663088660
1337970873
2041418617
2170479940
1350310131
3660593213
3676435761
1978875447
1670697373
2294505471
5298265436
1826513532
2115302210
3672637051
1663559265
1011269330
3261134763
1657430300
1882345883
2574126482
5467867079
1192329374
2482557597
1225512093
2588635482
2760275217
1927706047
5893789485
1340552632
1746119794
1742883382
1920566800
1699432410
1870002657
1748764503
2754685601
3884592975
2692255291
5242381821
2769149134
1270492934
1885741814
1714878522
1314637182
1353112775
1218957517
1819954430
3002847684
1662262590
5099432990
1549362863
5537945066
6053338099
1253533084
2600208451
3125368791
1772752875
6003325152
1279776120
1732927460
1894608381
5208966720
1715674341
1942473263
3920497465
2247164142
1191258123
3644441127
5887964956
1188552450
1691761292
1563926367
1610536214
2142168143
1821933091
2112496475
1785075474
1793285524
2723620723
1722539457
1873360037
2377163141
2814680487
5702436351
1742666164
1808624312
1306980720
1319911982
2381047351
2140151063
1258256457
5581785513
1679302152
2021712187
3982726153
1220924217
1309302077
5884957483
5642998457
1672272373
3206603957
5183675629
1322920531
2881033212
5999009826
1672384324
3018218037
3538755522
5889159506
2414492964
5999384014
1193491727
5997529482
1496878501
6049590367
3025163305
1666680885
3506400592
1639036967
1197931472
1678147504
1945584665
1740334623
2030232621
6217980213
1711684227
2235089943
2131445654
3652494872
1686709997
5225999165
5266419694
2690918413
1645101450
1740577714
3322533482
5489171304
2159243701
3167305545
1196235387
1288739185
5662222414
6186574130
5340280308
2554325211
2660243037
1288640027
3269471954
1858065064
5593771225
2183437642
3986933335
1738089272
2045097601
3825044959
6065986558
3147292215
1915411290
2202911004
1746316033
2610981691
1226244970
3440325930
1668743191
1682454721
2789168643
3820754851
1276109774
3936959716
1449770150
6074486216
1834706457
3613095012
6349794947
3587960280
3266142652
2891529877
1260156894
2921243620
1558148043
1698264705
5357670210
3881403077
1774817377
6280362341
2346404435
1712686623
5177678970
2715402271
5582562907
1303977362
1066317210
1829886203
1618051664
1228383497
3962886578
1732701841
1194026233
2850809427
5828752698
2577139143
2606942864
5465835912
2502817834
6038922387
1195231190
2539961154
5868150992
2019094113
1500894097
1832786147
1788283193
5563680406
5816009322
2166792032
1228692737
3943178392
2770914283
2933604061
1233285822
3224547527
5205919794
1497162881
1238808414
3123066874
1248284645
1296947890
3877667526
2353363015
5971792547
5353709229
1765847045
1254433995
1640016932
1505903624
1712354525
1619764557
1774168531
1855947335
2707765025
6163406220
1689273620
1557721227
5992829552
5617768139
1111681197
1801520834
2196734667
5598278574
5260969459
2864008873
1442378302
5077446577
1742987084
1886903325
2054853403
2292986033
5842767688
2795763811
2607563507
5786288576
1631015723
1992523932
1847568684
3948635268
5774333382
2433919550
1720084970
1916401801
2479684881
1703628822
1726393244
1312412824
3603046287
1282871591
2501508790
1802742227
2006277991
1792195777
2889149433
1304194202
1671722032
2103032861
2934690537
5496045720
1926652273
2807837367
1259193624
2514803044
3774371267
1797932894
1639498782
6037687121
2773676520
1804549454
1926243773
1686815607
1748440995
1739046981
3228016330
3252743925
5044705593
1719252400
5510622529
1999607273
3785688681
2631670211
2576867470
2647081007
1816011541
1855789317
5878575692
2156466452
5466021767
1745573472
2455979074
1282005885
5704748425
1672330664
1234552257
1987543647
1589698103
2754904375
1732235143
5945290971
1746274673
2339140841
1679824627
6059099465
1843633441
6012224021
1747514562
2904402847
2354259355
1735902985
1557283450
2259626861
2183487935
1762528140
5110432155
5337879011
1786213845
1719712824
1896481783
5662699109
5581473993
1640601392
2473362562
1642630543
2205215712
3487640507
1749127163
1263585717
1644461042
2703645582
2701148474
1528274033
1639132981
1863956870
5905469507
6264350724
1743374541
2526895363
5966599828
2796274002
5747171296
5466594184
1345467925
2130434435
5842217463
1655363172
1195019732
2713968254
6317347221
1847582585
3240435521
5935300594
1722656062
5523533122
2898870461
5098547539
1627500245
5231788809
1256917082
1752820413
1896638514
5461016454
5887581312
2012292141
1851524785
1742741072
5644573359
1796790562
6224077067
1217261134
1774057271
2512574061
5921477575
2245075615
1822836700
1259110474
6227505847
1378010100
1752060254
5524359949
1941345837
1764145893
1721449743
5748179271
3044746573
6177332168
2429847483
1815418641
5405787673
1563815015
5330077876
5866653170
1711116915
1263000970
5661962543
1720133422
3699928344
1852493887
2185658800
1893711543
2132734472
2501479204
2630646082
6020940457
6033900962
1660612723
5995175834
2249451585
2408764982
2616380702
1781379945
1557392913
1703513687
5469066602
6164451866
2302663124
1839963312
6124642021
3213060995
1404428062
2202387347
1807895120
5506870057
1831550987
2140227493
1854994843
3176068101
1809745371
3947532062
1757744065
1341614173
1651077203
2387391680
1854283601
1831216671
1257818405
2023791210
2619981000
1212812142
