2813210970
5792622457
3146675190
5450163017
5518019835
2947737454
3210648585
3215556942
2639622135
1840908585
2449232723
5539565728
6113341587
1046693204
1359230055
1931192883
5140374213
3949523238
3005157581
3232278584
3320460864
5528467467
1658902143
2186193762
2198256874
6028861233
2075924003
1662653613
1744871254
6051528421
3267894214
2543641264
3129774801
2112474343
3967538716
5744184623
5947474119
3224359662
6314207239
2090105274
1834955575
6186237284
2759118927
6216698801
3508631594
6065520489
1821153443
5059939347
1880858342
1850084155
2270858343
5124902308
2609674305
5812826827
1102267605
6040426988
1295698394
1855362874
2079821403
1739576372
5805733459
1989109212
5208177321
5680444187
5092353755
5142644700
2805725485
5879412344
3850267799
3344774900
5850902464
5594298074
2280011751
5302166425
2049760370
3935905871
2150717447
1673895305
5224161027
3904789383
2686554931
2912147387
3204500792
1824159595
1648964784
2676289777
3867217508
2166739003
2420714220
6251564978
5721220282
3782700694
3929136241
3880255632
2030437870
1848285794
1804161791
5530676989
3279453495
6293388938
2947515257
6321606563
1610280754
5941549102
1300718920
2429893891
1850190795
2910869174
6083217623
3857951422
1978089713
5537158168
1102272615
5328431945
2428376027
3290887730
3492863001
5774957109
6336300520
3241593332
3294761621
5869728119
1956657371
3987659507
2608375810
5170506850
1707521813
1682957910
2572212184
6053484701
2626107067
5623910736
5872105443
3024889984
5195393030
5089658979
5049410679
5560822043
5422272901
5666195784
1738504655
5603642073
5713180331
1925323125
6234626639
5705867708
2125932614
3150693233
3298088835
2175920125
2843528534
2490426394
5394114230
2460383643
5617549029
2994865885
2010955235
2859202272
5772766837
1102162494
1873570411
5517061458
6070157079
1847010002
6301788296
2705615870
2141959244
2422974857
5305376220
3273389824
2184051082
6294544351
1836916980
2012023447
3282254875
3219423243
3105772374
3743310961
6358650693
5426331426
2685073671
5786539222
6031700040
6370052755
5520346227
5604416669
5099028104
5852487506
2757129423
5390371429
2554507891
2281730124
2983304720
3956166279
3162248747
5183190055
5288723410
6049906378
2083592085
2658991937
6308098258
6314736346
1963492171
2491007240
5209554742
2712703825
2160920612
2386278391
2981275753
1764108051
2609316285
2853300744
1418977575
3201003600
1810348165
5824397452
1893786981
2543201530
3957309340
2720257041
5828790160
3134651257
2166189964
6182974142
2172267852
3956927732
5822062133
3053569191
5886182261
2095846374
6338039400
1912962370
3719241544
1817060754
1238064544
2307732054
5656275853
2609959507
3802229836
5735276347
2585928077
2898025154
2632122743
2164467253
5968544490
2973640990
6060617125
3307741371
5142779940
1660170330
2788135502
5864180055
2487751210
3694936377
5623864343
5044367062
2297764283
2097662441
2754044815
5383635640
5584742842
5826329562
5540529427
6240450961
2005224075
3079294885
1945626713
2818101092
5317735345
5543570025
1067080222
5558575191
5972892325
6174527198
2405482104
6364500278
1007779192
1650135432
2984759033
6114813805
2698845123
5309777967
6317146545
1892049330
2880758865
2748653547
2953393897
1641207351
5040065474
5532672002
2126717997
3123437132
3625906590
1610469983
5115405668
1687987742
5551705838
5539514874
5798205206
2048034235
3700105863
5119672045
5017976378
3403695412
6064229019
2141894650
1605351621
3178043890
5822943186
3432727320
5830329587
1975543897
3944565689
1939381693
1879833181
2619480761
2953313007
5457941156
2413116557
2348984403
1956801984
6237620624
2871070062
1841504883
2042176332
5175274285
6342484088
2376232727
5537413516
2201259847
6290315708
3220989700
1865415561
5677362654
1640082132
1823981650
1858973790
3174056971
1679579535
2872726071
2339891203
2126462913
5527114591
1647993627
1153741857
5318991579
5642736525
1733572854
2734719093
1097161377
2765538987
2285564077
3813051369
2724758181
5683205211
1769430392
3743762150
5117420545
5499899825
5703713673
5872789834
2278043901
3933869632
2268712264
5457450622
2829014110
1857181831
5192272664
2073760503
6227658421
1917415733
5210068779
1862730133
1834339057
2660265391
3953666450
6343116915
5833525564
1795735371
2531763985
2013799235
3816441097
6291099537
6033451964
5589358596
1798876614
3207208914
2667004492
5482455509
6030884678
2006957627
2194464630
2920440811
6039930142
6069031248
2410911923
6322911365
5130220073
1102753537
2673794651
6294512334
1678534657
1791884447
6345091238
3215374697
1784176292
5364231008
1364186775
5471092918
3967449330
1801965305
2259104487
2441850995
2594517341
3851348207
6056556926
3196759491
5596003113
1839639442
6004193726
1956070054
5692550186
1748176667
5566964664
2172934501
1784883581
5541066809
3916067307
5591887594
6189873031
5719697536
3196106197
1945334321
5339785507
5323567556
2839624332
3163792633
6055354391
6075387781
1258950044
6111381566
2969287383
2875210834
2023077331
6236063051
3860804514
2693205791
5880139326
1707539235
5796455908
5245556719
5357649140
1769518452
5617695082
2763775661
2192846774
5585522816
6341683956
2369606041
5280289624
1541382501
3083087191
1691083881
1824176777
3832742341
1657770420
1660432505
2363428873
6262653260
5607472092
2033498157
5943805632
6324729416
3841766310
5060743638
5715922432
1884716971
2753177154
5583990496
2506691941
3954537821
5855734795
5038463548
3808628407
2532953667
2346190567
5252696501
1760949047
5737269292
1912935723
3922259506
3120464170
6132132319
5932756564
5546218681
5950124880
1962085735
5972528541
6033025938
1272428185
6015155147
2194844744
3864282839
1835577507
5548969429
5669009915
6315940037
2872376555
1199932243
1825157057
3324722164
5659393751
6128410029
1764693064
5591095681
1773011297
2642606301
2702428901
2702521651
2340809581
1621874384
5125204107
6231828129
2427501892
1886819890
3249634617
3137453391
5973892302
5204416990
3635948473
5604893941
5705358887
1727709995
5903833982
3196776493
1420838755
2245889201
1570093902
3681777154
1634371994
5727093129
5861991493
5803663914
1765350664
2955492592
3102507187
6316526747
1932064065
5290204310
5143094488
1631397400
5718027006
1263292547
2214085981
1727994672
1883859405
6089609481
6104184345
3627220120
2298818973
5513898456
2675534781
1752475192
5576740070
2149328030
2303218697
3121161317
3255097990
2749451613
6234893237
3603138842
5509116166
1740748343
5928911742
1652235043
6329522793
2084773181
1783188823
5403405296
5591277448
2833238422
5977491910
6213060897
2908091384
5428044059
3226865802
1761781734
5276645694
6050027162
2682253262
1768318803
2344654364
2519511510
2186210632
2293531414
5700126841
2984900502
2097276582
6034297332
1947131761
5284734679
5834178045
5928883931
1764154481
1732509184
3243494295
5691036349
5810379246
3877580718
3978054998
5189793143
3134114745
1793587955
1822940482
3210917823
5139844137
1301522497
3290849465
1606382682
2714338945
2923885715
5037938715
2724981261
2900648795
5481116819
3750562931
2130716870
3150651877
3517021097
6280807793
1577320184
5319820053
3227162210
3543508903
5751804388
5310166411
3814017724
1868721610
2066410163
1925796141
3888596217
2994060203
2196411451
5032000384
5683531308
3376881850
1136380851
6192725027
1100004703
5750808126
3673083977
3309047331
1945628267
5626535240
2995145584
6327734694
6016199859
1612191372
3179832370
2720776274
5064893939
6054198671
1848035463
1805070090
2085811983
3930178268
3755047455
5385050131
6327397925
5760171549
3231611340
1300373415
5250180326
5776345101
6331786984
1644478290
1758679355
2199740635
1564680401
5623438379
3849459743
3179098627
3716956645
1745247581
1934133355
2102611085
6112687875
2078947135
6357378943
1785392914
1827497367
1448594500
1913339672
5086070918
3803310701
2565940722
5066313067
1042102817
6281449519
5387367341
2432337640
1820226634
5580176975
5547037097
3202846210
1398678613
2270922840
5516798767
5842660601
1073547581
1741185481
1283231125
2720948132
5393156390
6326602853
1243329425
6063404696
1744870463
3222581224
1250289084
1962797293
6052473301
5632844603
6169072624
1790313893
1980082217
1623036787
5824815460
3768989661
1724321930
2587439017
2290219227
2149819357
1322839174
1863844423
1757505781
1728214585
5671933665
1765068193
5398647866
3936036404
2984892302
2076045197
5380205349
1948431941
5575197939
5488528679
3234117980
1222183523
2836053755
2176431685
2682350545
2276810174
2029618803
5381917535
2202347783
5643398656
5868459283
1764352063
2483240877
2487201387
1659237073
5150671383
2527887091
5404157212
1772022593
1406302835
3126992243
6366819043
3278184175
6264239587
5505834854
1095082674
2174136280
6070869523
5836527497
3828440046
3713234092
1368320663
1854932097
2147416294
6208283804
5902192164
2272677827
2492345045
6074190405
5954844111
1730931414
3982647004
3933198302
5372065610
5515970949
1503119495
3286294553
5021325891
5416443552
5966954085
6238456908
1941197185
1784517237
1960223371
3235873005
1782632465
5516161999
5619730057
5555412883
1771530545
5105540029
1241971923
5224610400
6095812415
1784804592
2810637760
3891746092
2920924203
1883674945
1765451505
2838431913
1700351442
3385076944
3221362873
1793167611
3913935264
1662321303
2452614065
1802358394
2135270484
1969244607
5492468485
2293887637
3930084261
3946578157
2925695587
2604648397
3752679403
2301665850
5266622942
1031669260
1744509084
1914433955
2423991675
2638746762
1798534377
2464310623
6186180586
1661406855
2961869411
1618385593
5234733994
1742882962
3150232263
3232734814
3537527722
2887278485
6143848919
5331601111
2947303481
5041433380
6367020641
2687122471
2704557745
5652748915
1401848142
2369147041
3630745891
1826824054
1042544727
6085509237
2079267607
5526100633
5729067255
2665387504
2539790343
5684689160
5744453871
2165474822
5951578408
5351754275
5158781946
3971949538
2995192422
5856256425
2790446465
3030840547
6145845722
5719862675
2725393273
3011849033
5770895213
3302108937
5360155364
3219807094
5064913471
6065620550
5184665111
2608163647
3983988677
2756218353
2013122972
1910623474
2260948273
5498961409
2276659213
2794789582
5747030599
1997273834
1594286224
2231732171
5077493107
6336014293
5320312971
1999772033
5413589739
5659512628
3819518990
5118918419
5482718413
1915784752
1857996992
3374092882
2094217747
1789649530
1856962624
5189258646
5583851037
2016876870
2443164467
5018793947
1286251654
1819407135
3777791857
5321074898
1596130943
5576665007
6021411488
3225785230
5274503801
1868341775
2446395840
2208647204
2951164233
1869785752
5675918163
5447852828
2161549633
5854344880
6205831540
1791925295
5766196197
5575542472
5671768896
2790447271
6315223484
6006692104
5238420241
5469900218
1948746942
5481299034
3937507220
1833016747
1843921865
2178662217
3849493362
5360938082
5041452924
5321770616
1947735093
2631287201
5175681373
3305644807
5992199680
3894674899
2992792931
1780155981
3628269495
2409286711
2530794854
2742813707
2784415134
6294412286
2683653367
3941949251
3450910600
6257996523
3426295934
1907380504
1871897671
1401506380
3134254570
6053314477
2702237345
5807764372
3730155713
3215745440
3932657548
3089010805
3210663457
6094704130
3759766685
3141019022
1881872022
1934608565
1972900715
2168680014
5372038111
5199746390
1826712260
2795758662
2660986065
5863356996
3128308405
1625431557
5657411503
6213498775
1670781865
1934422495
2136283347
3710347923
5501513542
2000568503
1642943623
2712692622
6022476557
3980832635
6251544811
1842745684
2783196383
2687931185
5022541574
2366061272
5391863013
1827187051
2754480235
2027922435
2814832134
8083887
5189593232
3110723085
2038604381
1750793141
2302606744
5738457193
1150814484
6113102608
5619216984
1843713292
5476803159
5092881312
5686018356
2019124805
3805919682
1891463700
1920466333
5901012908
2960603222
6253757136
1842084204
6364370985
1863460627
6021540485
1115384273
2814946854
6328906260
3279838115
3969388395
5129120709
5171678975
5111594301
2439535423
5681247439
2105658033
5609821974
3959454489
5311892367
6295239488
6076566694
1993792582
2357896865
3959060395
6035235067
3196878010
1749247197
2283216810
2065659373
1811091640
1907176843
5618030499
5474186465
2240107420
1814307453
1841440065
1862760034
6337509979
2860445524
6062692257
5859756181
5121877540
1764781351
5846524831
2391876142
2897653713
2345440853
6154972673
1822488525
5627660095
5161702414
6355838321
2686988152
6363170030
5261267412
5381102570
2934607491
5094664333
1793701482
1790787997
2047215827
5201072191
2737198993
5980500825
2346491433
3913261187
2855391997
2049383782
2823062753
3788087567
5927365903
3181401621
1101614700
2313930065
5832298489
1866267425
5998484161
5386929597
3896303930
1806298850
5710898654
1807909264
6337612560
3129796095
1765375855
5357505237
1730463500
6071534448
5603186174
1771675474
5849580760
1823920911
5913770068
1338292727
1987821531
2391068011
5664920807
5702942305
2385106757
2010271257
1746832961
2192267534
1257801763
2437525994
5635098920
2158449893
5600373849
2157003460
1883838832
1425685842
3905614628
5991839799
3631204562
3022922760
1711497184
5484720256
1747925651
2554168670
3597672427
5493457304
1882757194
2683806253
2805519311
6351131788
3183752592
5905451127
6137669367
5686713191
5390274067
2064038974
5415955526
6180149091
3180285210
2291051044
2394975922
1964074173
5379226582
5664028921
5905960761
2612385715
3020918537
2182473027
2496006924
5893988659
6268170785
5653943847
1864823127
2711926062
1831157071
6164704336
6328104575
2648181407
5518211471
2985323142
2954848304
1656243742
1868787832
6101661440
1945488301
2214827244
6135780438
1843881635
2212872774
5360588573
1758999293
2054368075
6030106238
2381151311
5671937368
5682143483
1783159754
5136877904
1869569530
5214429864
5334323993
5586623914
5710193191
6202775568
2733034210
5401366442
1751844882
3329935612
6094284436
6321586481
2803757551
5778904290
1655070071
5262002767
5289390504
1757965515
2460351745
1737879143
1882363290
1768029804
6115599076
5451575688
5818928204
2208283825
2920653545
2072184395
3281967050
3760423994
2678730693
3859143118
3025146740
3288023832
1937892053
5661458096
2277416815
5463601017
5344843535
5652343784
5939028147
3418848800
6265276471
2205634072
2061443531
2663024131
3236164592
5881770872
3883411628
2081607234
3124696951
1760386341
6374570981
5944405751
5823626449
5203792510
2712207030
2130717092
3256170731
3181291243
2109581383
2289985810
1914987253
2586096544
1369484221
1774563044
1932073112
1866153723
6029654820
5565062497
3119462147
3204779823
6321023870
3583724695
1805576365
5881182454
5394328489
2520293545
5641591655
2831003431
6336576865
1809360015
5494596224
2796014471
6190030268
3982704440
2343911923
5734361543
2371677893
5675455065
5106983830
2772272027
1609100545
1842980600
2801526692
5703618924
1058894952
1771402077
3504109380
2024846171
1357246412
5160288060
1963986944
2139814643
5215149266
5293155689
5382116697
1417158110
3480042811
1570362807
1817150762
6232938344
5308017986
5657102995
3854783660
5504110101
6148180588
1638456922
6094300550
1815106465
6290501635
1836344871
5749828416
2990226143
1747739675
5509653050
5944486710
1767913023
6309538744
5036609732
3607491420
5789457584
3024837203
1724605155
2705780013
6032411034
5346642758
6217701322
1662403130
5344422497
5203905361
2864490284
6048025129
2539321511
3236428972
2120944895
3965847990
6337793363
2836113363
5616418406
2771533921
5594684559
1935623150
5367521563
1923606370
5254897563
5864315414
5394843424
2696965461
2277096190
5510405906
2581926770
5628275905
3699870683
5538638857
1567156651
3011401765
1899031133
3340142830
6224362586
1805554413
6341677896
5072062592
1660857583
2803141765
1783407985
5114388867
1790102794
5489683582
5029611048
2330045721
5511869895
5614404923
5666109322
5660968326
5811577061
6004718698
5183761487
2055093463
5576117886
2829700404
1701948273
6176101753
5585687118
2488117762
2126527674
5501016748
6255648227
6159677270
5786355154
2143555823
3266727760
5779351371
1796496752
5638004333
6058251315
1842648630
5736241651
2119097962
5865619542
2393653947
6096256326
1990382385
3210707383
2935762411
6096148289
6276519790
5637346397
3478759612
2664691871
1746831675
3479739325
6050021165
2313702500
2547890202
2093200771
2942082503
5768135082
5602344806
3496601780
3857073058
1927248732
5369651462
5261548899
1397694055
2806226000
3846234168
5287529395
5681847514
2733815727
5623429347
2372942061
1925482151
5040336426
5618233971
2778980107
2664569947
3267669854
2267121311
6298115562
2949972953
6033011990
3048266125
2961296961
2650875303
1800128502
5612255214
3154375474
6193325977
1737686187
1874635753
1864702053
1810392027
2690746551
2635662944
1082466467
5983568921
2714495125
2420916772
5726580130
5905882110
1899402103
1960799790
1431559607
3636182923
2161914704
1671173335
3401701390
6064328669
1101814317
6120227754
3747044001
2539976261
5652026608
2688452125
6351823798
5403174959
2990199277
3944627790
2202580651
5696722493
6293681575
2749615257
6361824368
1906363637
6361820504
5299236224
6033057653
5942706425
2354824217
1908675164
2502663977
5384942795
5124885045
3938834222
5537082268
2959757543
6312119314
6031328867
1845989825
5713469584
1943231401
5976697377
1924762423
5964201834
1675163152
5039372922
5239757324
2979702450
6054919330
2010211225
1880071761
2122926465
1841030782
5123209027
6345204165
1595482204
3732537490
1799522133
6093530688
5514643509
3792730887
5446886280
5380851842
1985270741
2358702574
2517314853
5523717336
1702545492
3919749992
2040096617
2947345875
1722494384
5883179160
2695070222
1935888547
2450437995
5579118050
6200508241
2063760642
1783898582
6302210570
6011896544
3020929063
5060432325
5846553538
6314874979
6150921836
3196090925
5851971120
5453076579
6073615183
2047044673
2245069375
5890988303
1827788525
5436529731
6325097659
5141666200
2530787427
5687403265
1570798400
5179743031
2234163764
2317690344
6158590713
2023598827
1834561281
2057872343
6277136873
2271997913
2291562574
5122971298
5878972490
6128204798
6325770387
3280499464
2626359433
3612888492
2651693463
5856902382
6329198410
1941081317
5867479394
1900123227
1609385777
1963148502
5174018190
3313598692
5642698217
5461644297
2243329651
2288507330
1779679100
2363198170
6335940976
5545485746
5286320472
1893098347
5470184733
1719124711
2197500210
5874841358
1819846652
3291340041
6368342255
2970131013
2038612333
6300697797
5866388826
1947937393
6108210737
1927897693
5963916025
5226249031
2219732157
1340359834
6189997014
2328506463
1861070203
5736411527
5522031785
5609529393
2747610442
5643859936
1770112717
6218182169
2793258507
2751504195
2401073621
2386272471
3739212100
2037428651
1810862914
6318357508
6021138430
6028723523
3520258475
6025960234
6065069362
2910138393
3020378857
5762410023
5658743465
2845215150
3377168792
5572645688
5227787903
2965857273
5499762437
5894187924
3179925510
6004562657
1769439583
5393280180
2210469561
2199243733
1180117477
6334199023
1566183462
1830236365
1736358537
2185237075
3182541092
1642300071
2265204215
2688479390
2249324790
3735400520
2103202477
2590626110
1649216012
1743329013
1927601065
2106632855
5895229301
2126302342
3769583843
2299203914
1729133710
2420132363
3202726920
3954360970
2304201054
5641423343
2424177941
5659965358
3292786977
1430716583
2447065773
5720713009
1877394305
3170587027
6072640546
1923100205
5065104812
3302070007
1765097843
1725212963
2350064293
5513968416
6359032949
2123876587
2143079117
6144438953
3034532880
2810288760
2764716701
5757988598
2651294693
2727287081
3658947311
5364316428
2762482813
3317100515
5872579309
2680493313
2277420092
2168607082
2658821244
1806283390
5184497398
2722097193
5406027780
1884598881
2607737955
2108660997
5028881899
3965642823
5404014312
2605965123
2809626630
2170716767
5161801505
1731610777
3687044714
3939798317
3744490361
5710155230
5633195973
5226301703
2878967114
3551117167
6339587167
2040132052
6318566096
1894389797
2950423052
2342309234
2049011562
2011419513
6261940737
5577313017
2740104997
1878798050
2110979701
3209096880
5598307291
6148783097
1266307761
2466537844
5677983353
3317017641
2435089075
3305044905
2441213104
6233484177
1719847527
5537872009
2799572937
6179373457
5990780357
1788467863
3132190871
2167484263
6026940873
6048247492
3826405009
5626930654
5777350690
5977129514
1197775811
3317138305
5662643434
3118432861
5358417215
6268186043
2805204270
2309499774
2187711260
5633038056
1710699803
2319075180
3764155280
1687640847
1886350330
5958520032
5790184089
5904079609
2934575240
3325383152
2909334401
5491628772
6190258477
5708634968
2457649033
6315749021
3264802381
5459587233
5869680022
5354323726
3171373640
5448965579
5638749190
1679440760
1796622291
1821655884
3317273664
2536928944
5226193352
1275622157
5394615799
6068298177
1151735113
1995101247
2291575687
2731767040
2129298511
2804356262
2513625720
5321451712
6012475737
2418679737
1884776307
3039406915
3665626964
5708207204
6259860724
3430600992
5260894067
2736879692
1970945344
1869703371
2874187602
1719070941
2718302354
6070103581
2567241595
1771587762
5513151220
5778527674
2385017090
2789957077
6271972587
5686037092
6319501934
1165005433
5344031615
1997367011
1759799477
6304225478
1110306183
5131525585
1064012630
1861789860
3165352211
2714634757
2655278723
5996352521
2203016991
1991759775
1528227030
2116038021
3265945221
6025973166
5822783384
6087833138
5046271433
5732307278
2074089433
5633105657
3984057438
1816711264
5887162113
5834524679
3870389639
1913728201
2301850197
2217964843
5108570753
1538513585
5382992863
1783769034
1780158592
5850414724
6316116527
3598590422
5089081295
3080705403
3988656877
6050180149
1753017077
2162927037
6336067679
2577616223
1767993651
2137872224
5736522636
3170832753
2021273941
5635830582
2594916725
2768436271
2946495492
5626103661
1347568113
2818067282
5891308076
2609193285
5406829893
5332937201
3159639322
3046082401
3538890754
3754830465
2396699571
5661762079
2918189985
2154494373
1713375300
1782689287
5677523004
3862572105
5938594417
5839764795
6348957129
3101729430
1704697095
1881734464
1727843524
6023655278
5341902847
2683969493
2816077640
2660020125
1742741937
5100024108
5770740735
2661741683
5455533717
2626935503
6053411267
2628451321
2627682473
2809292311
5938956395
5305616056
5362446361
2107537500
5627550498
3708675450
5847315634
2262449575
6001770559
1080616474
2968170593
3088993372
1102381307
5657359900
2203912802
5089035867
2671326723
5225695587
2168248105
6340835948
1820398380
3188566013
3732406824
5810167575
5704715705
2620957855
5292801557
6222866245
1813463237
2952723884
1966736181
5599899875
5717879850
3017815481
5592440012
1881486993
6328784750
3292487175
2338467327
1689032753
2406737790
2338094962
2132418114
3192459330
2256565695
2723427173
2102000137
5208293136
5227304057
2249769441
5108313973
3786484590
6095216350
2277057237
5354258341
1828977537
5312622062
2659162033
2499121431
6212451743
1280078401
3295258447
1608265793
2829767733
1760786194
1806869514
1391192241
5797806843
1461428594
5718162353
5233615370
3842079275
2133540271
6297326166
2927687113
2675834411
2280681092
5905806235
2103236722
6028784917
6172637968
5900940646
2144639275
5796579075
5855820479
5299851729
5663574574
3127631225
5116451903
1008362647
2667364847
5874594509
3493157013
2411948760
1660349833
5324855970
2627200461
6152127792
5065692453
5656589374
5627084023
3813098557
3744867684
5850406587
1845389113
3264631084
2124765125
3119875202
5091705846
6293972718
1852772462
5661901484
2180112870
2713373517
2015527775
3812969972
2903455981
5841826984
5621225668
5150425885
5694998121
5983275103
5589220358
1763416660
2592051264
3220948480
1722844584
2357689891
5779429506
3814614833
5869823131
6363369784
6090775406
1908446125
2948328673
5245504330
2174736514
1871833525
2956099341
6372043336
6155224300
3016647715
2750746513
5353173464
1757596917
6260105865
1819749170
1557731993
5374767434
1870544760
1738169467
5941081498
3164445952
1049606925
2386548597
5879267315
2660825611
5543836574
1858664380
6087290511
2703143205
2047223213
3292962305
5628903228
5167691847
2027253044
6298798868
6214939138
1505036552
3536949127
5674010483
2928809055
5465791739
5543152208
2786894701
1709148302
3802245231
6369010282
1836598295
1834652401
1806766641
5320899821
1765652502
3127497352
3425202532
5378597139
2129682971
6198533281
5980250425
5701670169
2753103261
5091433565
5596947498
6318164837
2496800672
2549173420
2450927937
2832885150
3353511162
6288776633
1728369993
2278379372
2497895732
5654179795
5608768804
1834483135
2492051613
5226124316
5637864771
2992128964
5710392691
2169350732
2738005570
6087546768
6077697551
1785653035
1102340324
2166162241
3160928630
5598707921
2312534341
1766334581
2079664002
2623072983
5623854417
6277332998
5575027771
1758277411
1934474862
6333364813
3259977474
5704722648
1792890502
2623423215
5119725317
3182627284
5604497038
3992375309
6273411835
5648511900
1862359282
2432195410
1921789194
2611835294
5706756928
1768544001
2196321070
1844523437
2487641300
2170844530
2154227112
1799392084
1988991557
2867350980
1736837344
5189238777
5692475151
1101611282
3262334014
5651851098
3701749421
3312061591
2434180410
6279409404
1947456535
1770230102
3802599338
3994085042
5977230981
3228464890
5297286378
1793218374
6120887024
5886405045
1813570280
6340852498
6091302441
5727499856
5969718630
5681280770
2310328384
5875210195
2142350967
1724396120
2604246807
2069241271
5328902381
5638084805
2919210237
5050845462
1357618354
5632909523
5640643635
1829211390
5588139362
2634870634
5439592987
5241162868
5677342953
6206013228
2253166322
3087059435
1994020111
5288993622
1827299582
5782341953
3262934134
1913147460
5512921405
3953902325
5698173858
2630348985
3839010043
3935077052
5092526999
3868113628
5417688712
2097045905
2552517103
3835498711
5653076481
6036777011
1853795965
1501482420
2129269620
3570656000
3277351911
5894946352
5530681250
3978465827
6304449277
2634615751
2257409362
6256314684
3844891800
2200684512
2476325251
5540827209
5032505782
3170768257
2612630940
5093511778
5390086150
6361293560
5585615971
5514963271
5907314737
3308033645
1855107462
3866243923
5303640545
5784844420
2024741972
1844098347
2138499753
5232668585
2272454485
6018238608
5094731837
2326830531
1741235282
1846846291
3355122872
2179409950
5060474303
1914557954
1662243822
3171402564
6067478469
5686916386
3193391355
2003800465
1868227622
1967905847
3850502610
1869653814
1824663653
2252101423
3040369444
2495273722
6323054552
3199407443
3379386802
2942293611
1065009537
1658308917
6072051696
1707005667
1891731111
2017470427
3889575354
3592300353
2504297035
5578091065
3768804913
1464588963
2784235642
2800476393
1557879634
6173877244
3795788534
3849812783
5729378224
2456957470
1792808464
3757184277
1762771463
5571784374
5198670823
3312316001
5063767818
2400717805
6290265462
1840844340
5662667820
3059783511
3134655435
5651797867
2829483955
2410053235
1586403185
3116518545
2101965592
2715605110
5156327785
5669667772
6358234723
2042534150
1648205203
6008968691
1373565625
5566960424
1875743280
5393664655
5306657390
5888499409
6359371320
6251563626
2568757895
1106973593
5492045983
2517188631
5545090655
5150101333
2373263192
1960630695
6047983137
1917487517
6159525327
1893944403
5295413761
5452878992
2984839747
3121961062
1795442595
6005895140
2318564803
5649207072
1664429077
2746715503
3195783927
5199709730
2586913601
1860283942
2340380984
2677003623
3131703137
3876784864
2045064197
2457908175
1680778544
3121890020
3233427350
3251973115
5310634799
5549680744
6281029566
1881867182
6100815299
1769918141
3268233934
5186445251
6002109490
6072541098
2531203975
3213771595
5928008469
5141171585
1827310352
2799458244
2935232825
1661932395
5668073707
2618550221
2077615063
1021383844
2002088775
1975976331
2315262921
1995007935
2418270695
6193350345
5434342943
1869097580
3584464997
1851186923
3199619687
5238724511
3831847179
1892592105
1961123537
6095606109
5384098856
2958164510
5026462504
1883766114
3567400327
5913459247
5190683972
3054715217
1881237597
6249224514
6357655278
5123550309
6281594041
6185015879
3167418582
5627016441
5528539635
1696612782
3193114587
3940914276
1797122254
1737789417
5539327535
5052763758
2363747017
2517375864
1773041904
2807391002
3908708220
5313300340
2414713444
3859794167
1644133195
3353649752
1290644940
2437580207
6093197357
2831154961
3831665123
3924149321
2779197275
1728061881
1826107493
2901474143
3293782392
1827290973
1792744841
2918641763
5788966879
6231226202
2938852897
3090633737
3712647673
1936099534
5830867962
2479068574
1354397471
2851905292
1608604097
5521471405
6331787502
5722416381
1777244281
1798306140
2752059331
1806693674
5132482706
5585810535
2145069877
5706664502
1784856103
3822154812
3897953866
2195871837
5416770271
1761544360
6025665942
3023991125
2608658172
5465326320
5800285876
5610445327
2843081834
1142585440
3191138701
1996565621
5553687393
3652778435
2049976221
2108737677
5869421097
5108455470
2846417482
6175888073
5827594074
5215666325
1794302987
3685576624
2186458470
2731664415
6310455952
2607011603
3634513174
5517246024
2816392622
1812889232
6136567152
2894780495
1919333661
1007618180
2792518501
2691281344
6020643474
6175992990
5982228440
6070204038
5949669384
1312757067
2165425102
2991163223
3463839962
1748663477
3306027837
2919220307
5607203474
3835076947
5021202673
1768682897
2136141262
2942850341
5493746986
5895015508
5377147782
1661451825
1589648162
6310881417
1938318157
5143438460
5408480409
5447037587
1734762764
2692738191
3195609335
2231332642
2620896905
6171673147
5344848411
6029515520
2778125873
5220231775
2621310203
1874557060
2147061421
1048302374
2051044127
5889539662
3382924922
3215916664
2453986077
5519560032
5662241453
5801734961
2820754941
2714665073
5829300565
3850624361
2589363451
1039521873
5628092410
5499803547
5828047089
3892665398
5977878719
2646055845
5738524942
5322246942
1747055850
5413658445
2735845171
5533117884
1767878105
6244942900
5269308421
2801129720
1866223284
5031641864
6063374237
5699946449
5077655974
2975997964
2602890660
5037569243
2091892482
2272810571
5647998386
6278184885
5537616232
1670634503
1829755052
6023266681
2097075380
5868391594
2564087573
5602666314
2437820124
2429768633
1177604327
6130667971
2719387961
5884082298
1960550155
1940730144
1352867105
1818247687
2572669861
6345730642
5785186947
6333319411
5336226140
3929090085
5190593196
6037373625
6168737571
3144354385
2339769707
1418983042
6160568326
2691798347
6030358249
5603750121
5991118130
5528236010
2686449803
3391283234
2108353837
2401546502
5408767124
6017420955
2218283583
1869403812
2115843393
6004667610
3231877214
1717279643
2153648630
2836399892
5533252409
5105339250
5393396662
1939914407
6097989222
1801037925
5615979839
1807180127
2530781793
5716198480
6307329062
5219900071
6071540132
2514520965
3436301812
2883237971
1044452873
5529545815
5026097832
1526373912
2721604774
5337759521
1836967671
1742073330
1969658645
5878507426
3544189455
1874068081
6323777769
3032484834
2748484741
2418878507
2527285165
5455320297
2638669941
2686627895
2548384433
5954828384
5249875964
2216124571
2774432501
3032587083
2098368525
2001208111
1923293792
6148142999
1647867575
6196442454
6228186805
2529485825
6275031252
1851908631
2423449163
3182967211
5013162145
3025476964
3481882070
5680417496
2693190583
2692927754
6038091617
5589249560
6002035087
2189509847
2177301125
2155460755
2041590415
5328998837
1983747061
3834995373
2921933161
1781550043
5729535112
6213020359
1824959607
3119035872
1832180001
1793444811
1794428864
1870379044
2954218895
1784869497
6162952196
5182783345
5354654479
1663759413
3167889393
3206830585
1791759682
5093235810
1771308185
2408051670
5398375278
1734155872
3159597744
2019797735
6105564047
1779456940
1801414404
6324002990
5590283045
1056801775
3346887934
5515710750
5177203988
2113268481
5272023653
1737307713
2215055792
3401679894
6142759901
2552059843
1864437512
2173195282
3127190363
1245042603
5258509862
5663315261
5771786755
3834880096
5251599476
3992197843
2136353355
3081604783
3966421101
5998958206
6340500136
3700400955
1972561433
5995880683
2973982297
2468332662
2885360241
5364291143
5748936301
3863028647
2520537805
1204647853
6052934038
1905744735
6172844054
5353387082
1967030745
2162425354
1743117381
5866682494
5374124261
5422273158
2098142150
5888787545
6363110022
1719176444
3848260222
5549321446
2384882024
2411501653
1872840222
2868153795
5182434918
2792941797
1863264183
1877820404
6075540690
5172478050
5873674219
1116987540
5203498346
5250977867
2704615847
3503360823
3764188694
3227053037
1865155324
2463656535
1923051205
3738550975
5639858231
3189283960
1822765583
1734275513
1868926137
2653792364
5710797933
3345929852
1751651201
6251614483
1610627610
5339981146
5402367113
3749630353
3951607011
2396992364
5513788372
1623012735
3932844026
5943162914
2297681102
1829109244
3880709097
1834315405
3954548915
5873243557
5239109449
1752781724
2959385843
2311950193
5252542883
1565685594
1365266877
2956720603
5177101567
6320974786
5813786386
5182563463
6125704181
1944579262
1949684735
6003785218
2910781861
1910681300
6079599513
5066721456
3459204930
1271541920
1815786191
5328655698
1610738063
2417203751
6089839894
5515932910
2309371174
1323701141
6360516999
2744805405
5809219896
5753788015
5949808916
5832926007
6217765073
2435562294
5392448927
5617921039
3564248752
2535713000
6150728452
5607502170
5138516516
5579718430
1818644913
2052420357
5352878520
2151821864
1860643884
3285674590
5074529240
1728699583
2632436451
3389309112
1775365213
6371939569
5113399226
5518795426
2996935083
2186463913
5582122803
6364531877
5680166067
2949254580
6363338460
1783306220
5389654752
6142532968
2314182685
2418013775
3423869482
5653678039
1794236380
5094666121
1764532791
5579409519
2647241771
5473289515
1747797900
5743256893
6006646748
6266571837
3218982772
2334652651
6239851106
3957627278
5627464146
3270499963
2012841000
5705689976
1950235000
6372948166
5180495930
2215857592
1881536800
5189882579
5688249612
6093481176
6299528002
6090506768
5743999418
5448296091
5393286509
3323240842
2201486240
6124652304
3791059483
1790881585
3445362112
5660806053
5846543890
5086537483
3620034675
1705996735
2290587045
6049868748
1676544107
3938250180
2670621261
2163260813
5925496914
1881067690
3730499435
5711633567
3086057991
5660415154
3099735815
5326887479
6326828976
6153475767
1942062952
6059292956
5095637875
6004079617
2239387170
2607536277
3363524904
1660841120
2434349591
1818744904
2305660865
5219399427
3228694173
5190564133
5978815009
2282418515
5770233790
6303485900
5856629903
3843399797
5244211794
2342955115
5836393705
1617454247
6003829959
1862227967
5620181877
2071447624
6178954980
3573954490
5384174333
2794834391
1832787170
2487287034
1806461331
2102992872
6040754220
2171522731
5622171130
5503498654
1806214684
1886684275
1410998640
5595968098
1994356454
2163148454
3696642672
6346534189
5518596533
3626476765
5854659349
3221798070
2514846287
1647340352
3051271563
5863917338
5649972557
5527998263
2423129662
2553442591
6217689206
3624755112
5958449450
2125802072
1846745157
3248116931
6120694860
2656862125
1874666075
3625466047
6060502192
2846123702
5637558274
6093744498
2106017212
1810432410
2033486231
1767737323
3902794203
1471969527
5392529498
1793303755
1559187562
5061644778
2721860121
2827855931
1844168961
1604963371
5623171368
1783933611
6280819077
2276377603
1804998897
5582278909
5599646744
1863333165
2117089995
2781811955
2648270323
1258685914
1240273315
3106541621
5180407860
1411644214
5105526559
5657607930
5380576628
3304449505
5487347072
3636619334
6144612330
3948280480
2163678215
2785957494
5445537385
1750762053
1978850445
2288291401
3174357323
5683815728
2833756255
3783796664
5295221546
2562909447
5953362362
1806136523
6336129020
1928171592
1914214511
5135045459
6018588826
1531491412
2354799720
5203833038
6014994255
5607452047
2786799680
5635332935
5395408168
2787575162
2695614897
3920084319
2074500775
2131305101
5070031042
1833827820
1716530251
5239473835
5195510419
2690884850
6013981110
5309329799
1798998093
1911518867
5363034777
2135113501
2966811573
5122804015
2546515740
1018261607
2857164594
2646559151
3306952915
5824417388
5654188505
5931339398
5724551388
6352535004
5485917668
5492031160
5023234919
2129099403
3351634242
1995186223
3986378775
1880398292
5696251753
2635095101
1956617464
1782360154
6071643019
5476003948
1870625687
5338631139
1821670263
5494455824
5744732636
1889375255
2648661711
6311382998
2364128591
2681757363
5420822903
6098656828
5392173603
3083642925
6323435858
2003804327
3722827637
2462216825
6329092059
2497793560
2279129495
6326651711
6152111901
6089352584
3297526583
3123681307
1652216201
5652439371
1817476314
3546715993
5525294286
5559277106
1850529653
2574868760
5981880372
1295682497
3231024222
3545315421
2788388211
6156958019
2389987475
3731415147
2073865633
5403121689
1714175317
2154918312
1648868150
2240841873
2416083120
5874608059
5635709845
3106605357
1018306423
1223837683
5077376405
2024889237
3170173491
2508052685
2693730343
1757477043
1809118290
2717904981
6249185375
5590513451
2686118063
3605062657
5070921358
5703219847
2764945680
1393873283
6126319336
3096372017
5386802625
2597417704
3925675812
5768315778
5306814073
2889893804
1675572781
2619701133
6118520294
5619344930
5893862978
5750236203
6090719948
5106231777
3096468155
5844522871
2583919570
1798594025
2440172413
5389872821
5856776993
2139893553
5252102689
5550086220
1905983025
1972394112
3771587137
3689635732
1647881263
3021108521
1756734277
2881957582
6325745599
1707766105
5882249310
2394112157
5355879534
6220495695
2823796765
5345865583
2403624934
2880658522
3184296267
5524778035
1912004232
3942733380
2836201943
2127606992
2957801230
2631008171
3103047791
6025031931
5528338958
2134293131
3733138464
2535447561
1372587194
1255831841
1296282211
1785208211
3200412691
5445007742
1750354750
5669863581
1770990897
2009244881
6063348228
6348242396
3949228697
2467813893
2814066004
1863778525
6032387365
6346080895
3888595830
3263476271
1736494104
2411858543
1801856940
3837441102
5652450379
1747879097
3207685683
2800808472
2486338957
2334428571
3192070863
5532776717
1753212083
1533537960
6322853747
5790605970
2144579885
2642010653
1832055912
6089418819
3554615751
5677916646
2660024385
3184588470
1076839344
3880098969
2486331083
3015109347
1811514811
2579528553
2001502003
6297705149
3794415572
1807816430
1991446165
5669021788
5785050324
5304249584
3295054630
2419833790
2803097964
3419828632
3699570497
3893485247
5574786412
5771013852
2770022821
5301689777
3750059571
5833924658
2506483081
5246100361
5047466694
2523223563
3213033877
3186094840
5038013609
2994654522
3880594245
1869482390
1980057111
1882344243
2476261760
2398920351
2664135702
1566510141
3880595225
5015208635
1107546795
5088456333
2274212901
2761460945
6067592873
1496396294
5831043680
1442243151
5084357992
1788437791
2440087400
1780446523
2201450193
1073853052
2254682250
3276423491
1132101163
5501663426
6051604320
5087607010
1784934467
5675954220
6118283247
3089154421
6337923974
5824468033
1833253521
5304493963
1734555060
2911686623
5254766613
2612206307
3854638990
1777988291
6324036637
3625422753
5354320019
6004977548
6304672147
5903920544
5371518872
6149238303
5206525464
5422275545
6165884408
2399819185
1760936745
2612176945
3707630585
5868464838
5289597640
1789619873
5361470418
3315124291
5641250233
1762662227
1760463922
1957279277
5675503657
2601890220
2613054537
6310205937
2302658944
1434593841
3911919670
2097946385
3816560553
2355804870
5629931466
1752755675
5760052836
5357011000
5535961694
6031480163
5417129864
5509213654
3240186453
5604175776
5862138141
2686523721
1950610237
5585603316
1990698261
5089759379
1864517261
5663919947
2761616895
5414496319
6189377201
1657816735
6351975623
1731556567
1648549617
2432970455
5674830827
2522642092
1909287655
1112173093
3874568601
5748814968
2466720332
1901419364
5898545385
2200791525
2002307487
2658901881
5791049392
5984984471
3955184647
2855984354
5230091860
5681231688
2943283275
2432009035
1896449822
1899819271
5911053515
5335474284
5872700333
2645236147
3594472012
3549035300
1225768817
1559045137
5601894118
3806864004
2572096564
1651481660
5491858913
1830585900
5721681978
6122805073
6218525352
1947075785
5114411352
6253146399
2831663730
6093420363
6230818312
1790442721
5744863752
5661984598
2370373453
2613050022
5582709257
1883048183
1774782607
3155218573
5292231768
1923055425
2578758723
6140433165
5693865678
2869579291
2036783014
3695056290
6070068727
1401925694
2612051594
5316118983
5872666152
1778292685
1625103115
6072667671
6276318566
1891166580
1958479164
2282186587
6369478451
5093984834
2640759174
2814191720
2212690024
1742853644
5428537256
2934179013
6047071771
2728184800
2148987042
1733341260
2941819513
6045874825
2483615507
3168350620
2029317077
5492128228
6021084319
5484499509
5647451638
5526170576
3493259110
2954294637
6069999020
3182554000
5647373645
3213813961
1877447952
2104810611
2598311805
5698439314
1016863844
2032240734
5270223750
2338018395
1767157944
2315453222
2492031867
1118671394
2130634675
5856334423
3161824020
3206840861
3965497049
1367102360
3853338600
3362614872
5892065492
2561654985
2648780211
2129624543
3255450437
1773469900
6298577328
1789880007
3888823990
5780011401
5346633628
3880942457
5503102654
1807868937
5420713645
5711380665
6160454496
2403552373
1572675480
3974598632
1691178897
3286733534
6078011598
6065302676
6063679572
2501370981
1779249583
5264349023
6037618156
6324259859
2286839200
2065160320
5023203060
2809865057
2044881831
2293722800
6283158283
6180536165
5428760631
2272675933
6023837218
5535142698
1267811933
5075116496
5902632257
2713556293
1728651183
5604838078
1738271351
2398915093
6155790791
1917394434
1995240591
2915731835
5342397689
3891454973
3793733377
2706885250
6153093076
2884645510
2646190700
1727312510
1687243620
1851662537
6360029592
5579790415
5269633279
6358429892
1574267377
2589190475
3228658057
2845124647
6360648984
2797651463
1848568571
2687497271
1562660145
5356785103
1899391861
5866493033
1035057980
5994455616
6030362549
2457178301
5115665085
5657999453
5579149243
1991878665
2519218421
1736159802
6045969559
2169493552
2293585927
5281288877
3937780991
3844954377
2111366420
5944014417
1737852845
2001243761
3882949360
6146930495
6158399726
2214972531
5976844547
5924200551
1272558565
3953976098
5658106549
2045551593
5679440996
2680476861
5371761342
3963511847
5341958117
2011485044
1994170185
1766166665
1225257630
2007476867
2143456460
3986784347
2090327453
5358179044
2125723227
5254854915
5264546713
6272587276
1582867897
3935837977
3873658126
5223467969
1804521781
2802384414
3663479007
6372981708
5692113883
5834738703
2406565413
3229696927
1864313074
6118226012
1847164405
2390336465
5651777993
1055666577
5973633267
2317817012
6109894513
1888800097
5996290918
5582682768
1916762291
1904904323
2816544304
5363565010
1847539687
5443925436
5676158315
1794035544
6363156191
1935597292
2256209922
2186429377
1776138264
1656193663
6213769961
1576280981
5621731384
5133380161
2713076901
3094524871
6029495442
1786113207
5701282615
1966628985
3617021463
2375007431
1744103033
2424294502
5690974182
3318239095
5590880931
5736628005
1735176600
1742495162
2014880167
5763453536
1876201713
1829216253
3106643597
1849279470
2860254504
5890379223
3308594521
2651063025
5290464262
5447545391
3890245837
1891327642
2429623252
5754702818
5643366591
2694781742
5457538951
2673143263
1898852607
3665035130
3046243015
2955040393
2918107843
1856715634
1671330752
1882561941
3180140341
2618316691
1903313182
6074817130
3178268500
2749051710
1761772620
6205842233
6067651934
2475289981
5681469927
2418806430
2609406443
2704019942
1759977915
2736378087
6238413729
5761427448
5864471098
3183406154
1864834074
1980305353
2865811460
3995319989
5933200004
5972939096
2611598173
3881338109
1845706715
1790777123
2043315671
5953236632
3846373340
6297222707
3222584634
5601944227
3659252751
2977282804
3465391860
1855482393
2310154030
2174745191
1669030780
6189447596
6193265787
6018283620
1846813490
6049806375
2448879977
1680325310
3165168882
6000160751
3603237285
1985629605
3748208167
1021302503
3280727494
2079822425
1103401325
2636686823
6035902263
5032909904
5886471667
1790920317
2480141701
1950736575
3202683235
1944443310
1831585580
1225708532
3913403774
2066927425
2801819631
5821279121
1888886575
5315938693
3130476303
2000353385
1889826104
5230977744
1833685191
5386500509
3380018812
1651423841
6364172836
5899388001
3791565524
3579868173
2232633610
3905392543
2709588683
1000908625
1610480511
6190315337
1979719357
5406704947
2374863551
1931652493
6243586912
1570721172
1985204481
6028251232
5795029698
5192419013
1326279034
1839820261
5357013309
2090873451
5101674588
5095950356
2789556397
2691652767
3948215065
6355488892
2065125473
2473687824
5301351362
3462966994
1810388965
5331599806
1963394555
5047296822
1767112387
2603087221
5665601303
1882579271
3261872357
2459586711
2740021583
5810375609
2428990032
5640454167
2308611631
1640637885
6039910384
2420143173
1708304665
2914736917
6287941300
5314637692
2023212113
2717002585
3917478047
1424218494
5276596271
5239190380
5507145046
5634939569
1306154010
2153059411
6285446623
2209715365
2519193852
6076512960
5896521040
5458667399
5628341018
1832569804
2812539867
1934768713
3764097643
3135874857
5977580536
2335839160
5711613012
1823950007
2013415112
5143078005
5854372049
2085957263
5271702397
2715604381
1688121847
2440592951
3608630752
5298184532
2681983864
1817693050
3799307685
2070039713
3553437593
5126266134
2473671661
2795471864
2102752591
3271427705
5756309483
5623694924
3976836846
6101945538
6295315160
1841594473
1957212575
1297777643
2783480571
3089448810
1790302973
2032910522
1978502311
2340161011
6331865279
2429384511
5716071265
2310127221
1929882025
5621757738
1006872511
2091994681
5375347709
2456210544
6260169166
2114052415
2658573581
2256380224
5602299619
5767149194
5723709944
6248464533
5785495520
2388735801
3730529593
6089779294
3082620145
5180637900
2706728331
2218550503
5836247546
5173399848
5830899784
5995929381
5581845993
3950143608
5424525971
2715848831
2961469094
3227176394
5827812472
6279309353
6130693051
1223038505
3805536510
6026187693
3908409863
1820777632
1815711877
1842296781
6044344053
2010209857
2434989810
1323441873
1787246255
2002737093
6056910934
3877554338
2351772005
3575514663
1928900261
5518870480
1814470420
3635706951
1794356333
6187141005
2186415254
2662939623
1470413291
2675661415
5638863044
5264998507
1208405861
2182799021
6331675789
2214142335
5658470679
5563475831
5835807886
6091156672
2989886790
1692096802
5734288877
2841240712
1912351485
2940124897
5457881784
2653633657
5157166208
5034255844
2624991534
1437251973
5860088366
5195731913
1349404332
5457662582
1365382412
1426033947
2833763942
1851176290
2106689607
5229067358
6360505487
2034820130
2366804947
5631526949
1273552860
3019593863
1937937495
6055824171
1442433824
5746424041
1101944557
2092782792
1712062200
3275032082
1743128881
3210400760
1683888224
1740471561
3865912597
2488572087
3258018912
2962178967
5000415842
1658835315
2103923772
1943570162
1015722607
5700880403
1979902985
6332347379
6029042841
5192671025
2174802790
3194279653
2414721317
1510395590
1756365741
5721303163
2138331392
2000882380
5715011926
5201146424
5200190235
2800213120
1314569607
2427975290
5493506832
1579542707
3956380197
5894396236
1796982694
5572425401
2183179887
2949668431
2154027633
1792398217
1862170880
6359886212
3721759773
2466528384
5898216418
1898010352
6100462854
2772304390
3482463443
6305366957
1735508405
1770327175
3267105492
1766554934
3217554054
5288374932
2772462055
2270507497
1561701355
5139015194
2802815421
2603562362
5943061653
5710201949
2906080887
2319716414
3154071121
3660415657
2527592841
5063060265
3592236370
5537641379
1740312712
6299516006
5587328451
2809498813
5232100471
1822370042
1743838627
1354728585
5177066086
5509615314
1885762491
5160065320
6003922155
2805149337
2356022382
1949025115
5308649124
5880735847
2552920130
3616324601
5620467373
5584642355
6032699973
2136478173
2443810797
5604728023
1764568891
1929352263
6003408920
5944356537
2968461005
5869327059
2056067481
2984782382
3304351565
2373593843
1351415725
3096135687
1752090593
6057303543
5738281204
6249178447
6064777649
2003559834
1933237483
3860597044
5222972040
1164589025
2132283843
3992598215
5625069671
2358809370
1677072933
3257184422
3818559671
5691894746
5266643980
3059894255
2837790425
3905470257
5470252603
5234774441
3922407097
1952592117
2076440135
3933902278
5821099756
2061992427
5786835068
1779833905
5709738479
5875285574
6126621472
2102891764
2242189712
5141130866
6025016123
1307920853
2624894462
2729216815
3120742881
2121606177
3181772740
5124242021
2927850874
2624627093
6368146797
6174337537
1778828592
2504191483
5074534531
3952898065
3524427923
1990161375
2755468293
3270013512
3860175242
6228682892
6112806154
5116205726
2717793211
2656541320
6344610312
2142113527
5126464211
6081478523
2014772044
5364222379
5446872915
5826282135
5887542468
1938013852
3313078011
6214692267
3307496980
6289724911
6244061919
5667723602
1461316850
1115930707
1750429545
1967686595
5597580907
2415309893
2477404062
5527726599
3946965949
5205423314
5306614174
5035343183
6314565952
3146681127
3030946775
5871936320
1769553907
5871895793
1263813087
5696645134
2771653102
5391591820
1748384771
2559164191
1951601954
2597158841
6146890123
5896415809
1750810292
3262389971
6256237612
3108600391
3905158465
5116222789
6193150984
5109971586
2092415310
5727503121
2803729270
2011961204
5868223542
5341104565
1806220543
2156809785
2788625955
2331334941
2635662805
6106537426
2518533917
5717714530
3149383962
3208340890
2675143057
5255757698
2151819145
5847638656
5269009730
5235706232
6094160036
2857331004
5828538981
5405647237
2563731513
5211502942
3038411045
3651198433
1312790773
2412299753
2630393303
5331620532
5645094500
1653336640
6054911437
6043731499
3991731415
5593059374
5389414608
2406014934
5729338678
2640305947
1568832205
1765941852
5705256456
6098646926
6036253607
3170991551
3863248798
1590160690
1997060443
2717099351
6171187553
3575612140
6006037446
3140652713
2914348581
2671392000
2616193591
2449366834
3805408413
1910167401
1895711970
1437917811
6319553364
1811506903
5624657388
2757215417
5373397902
1799755030
5622348975
6273543294
1935812003
3914686470
5139494606
6090320024
5523795009
3758913673
5930483564
5595685066
1354106130
3865422269
3834580028
1642898063
3495175070
1678530324
6365035974
2150887937
5817259155
5592931539
1421841850
3649307574
5121273982
6326133580
1795298270
5706470224
6083778926
5596980463
2304857735
5671419868
3843014862
1741771187
1663608435
1864089977
1635933834
1686015321
1885596725
2945464373
1785267965
1793458285
6030352570
2943602900
1662085221
5017390508
1743918762
2519386124
5387227093
2512964280
2033207105
3215458622
3187054031
2663254603
5728008592
1746818471
3065834553
2402199401
5163408389
3210527351
5701557622
2715976921
3612064187
5468579411
3787201495
1642483460
2887754704
2354162373
5051042369
6160822874
5473323820
2785617630
3934497268
6006611265
2803683111
1973336913
1803890884
5382911063
6251196818
3188176572
2131030355
5826379171
3880490708
2903164647
1158161571
5324442862
3382052324
5108909120
5462100892
1887802227
5678368577
1736551787
5915171905
6228947358
3812251507
6273720988
2200745730
2071558781
5870238810
3880521819
2760507171
1769221302
2140305394
2646298853
5835813340
5890410448
2806095815
2660757101
1574240703
5650902363
5328804338
6237083556
2184845931
3231698994
2691772933
3882590234
1912173955
5166910479
1087514542
5684645120
2266965143
5260754924
3030183571
1784617422
2082555017
2980847545
2176142682
2618512777
3478552871
1726562822
2891994593
2112648463
3127279815
5512363639
1913484171
2668704530
5534492376
5365193879
5589094689
5330289583
2530590772
2387518861
5547198904
2276098897
5619666851
6004218581
5174738316
5628413234
5738720680
3471527740
2557878817
5124346801
6296907399
2557834094
1900099621
2008281831
2826933223
3200582977
5063507507
2231737225
1744928267
6230645543
5743943729
1472961022
1889592334
5409144279
1890172794
1892033603
1938874501
5859870649
5332076060
5668417736
2822966411
5583965602
5624014446
1847891882
5224632462
2088230113
6224334828
2770679800
2021038067
3320480657
1875965677
1780915102
3756936614
5710023226
5620119652
5662303096
5397111488
3155791681
2687453390
3461975700
2323865444
3329159762
1651767844
2025500265
2566549852
2173988587
3919195497
6097095424
5135763420
2285986637
3081628267
5270973296
5138321303
5863299639
1890813717
2159261414
3056860345
6328672130
5790488652
2276237585
2736671071
5239566095
5671721871
5857386233
5142973318
1763641994
3225025291
5660512590
2178162955
5833996915
2800445171
2118227157
5242011402
2180115662
5054307384
1885024024
1968358293
1785036642
1905501663
6318400069
1775811077
1826203615
1750265257
5656085611
6216842147
2625461945
5572018225
1935562242
2830276472
3579635604
1968049507
1815915775
3221754822
1745850430
2649354171
1308899153
3461806952
3559051225
5994713075
5572603392
2168551444
6332266267
5749061582
1791561233
2090861571
3146339273
6196439542
6373367310
5173636880
5395023671
6046979103
6044991033
1813511690
5323394490
1014255451
3311478185
2380969174
1822313365
5069555440
1133688281
2549551967
1005397012
2456298593
1653860153
5906150569
1937525034
3833255241
5994966461
5239407179
2551095581
6003445921
6036246341
5864585467
1885800485
6161168734
6031657263
3255120550
2251735757
1817813385
6050078059
1432312961
3417828100
3558005090
1960910997
1933412737
1741803092
2603391783
2536585545
1501704542
5453256237
6064056595
5288496634
3835236016
1784578683
5405397696
3921447404
5717982710
3236567014
1679534065
5976026445
2430455270
5491006204
1801596074
3969545051
1822568292
6056345808
2171208011
2248316847
2703677950
5967150179
2141396531
3813120775
5486956052
6176072309
1741179293
1481465933
1433449032
5549734341
2694045573
3201105450
5974339262
3939520449
6081435902
5737798988
2301396577
5636012140
6278366589
2632320347
5937814299
5183150999
1830004087
1017552677
5977629653
5704672523
2294971855
2208047745
2037826091
1448031404
5319095414
6333629871
6296308552
3821799491
5041853215
1832942784
3059036163
1360945784
5028390561
5766340311
5715988918
3837029762
6030079685
3364837854
1841859903
5202423987
5317542746
6268186459
2905206673
5856263223
3309066661
2298250537
1791140312
5203387948
1342048952
6171698573
6246657828
6340510232
1416309704
2463388220
2314524032
2115045712
2325083713
2570289117
5194131637
5994955947
3222356104
5614277008
6090437075
6284225803
2015346741
3190113711
1774311654
5958248268
1915190954
5136727738
3296326062
2097346505
1871492871
5602340539
3200506834
2769986501
1268778040
5351733641
5260752836
2139495863
2145866037
2237918502
1846221590
1960628591
2653569320
3005268877
2979215532
5289796195
2289088942
2644694431
5393399269
5311463928
2678357463
5606868479
1930919847
2575204552
3188120800
5595682952
1796491407
5634446530
2141483074
6148590960
2250399652
3009119621
3869365265
3806874738
3883167594
3851863683
1889808625
2390503345
2129327353
5689928352
1791509244
2853155354
6264561317
1742270264
5675026885
2633045323
2259224883
6334039644
1786068153
5728833890
6253236206
3201862617
5474291869
2448438721
1363458463
2740427945
5337870469
3908180320
6226104675
1718130282
3556128631
5641628425
5651152080
5671572628
5572670924
6115297980
1865800105
2302052990
6339073648
3901398831
2230041425
2744001255
3749762805
6098590253
5463152587
3306215360
