2339 5039269679
2359 5522441443
2359 5522441443
2369 5676899173
2385 5377173529
2387 5697607271
2385 5377173529
2387 5697607271
2392 3227959455
2414 5781595427
2419 5419152600
2420 5892231522
2414 5781595427
2419 5419152600
2420 5892231522
2428 5859477442
2432 5132233749
2440 5745378483
2447 1938948035
2451 5123644098
2485 2929329693
2487 2789276502
2491 1980150257
2498 3057383781
2506 5925190040
2523 2920652981
2537 5995393285
2537 5995393285
2548 2642146393
2560 5889127610
2567 2724079192
2577 1813456010
2567 2724079192
2577 1813456010
2588 3496156037
2594 2382607425
2601 2396238952
2606 5081837005
2626 5850440718
2675 5884183438
2701 5543080625
2704 2288729545
2714 2932025953
2714 2932025953
2729 5848482492
2746 5255983881
2746 5255983881
2772 5079733544
2777 3315058487
2790 2184291385
2799 2997623780
2802 2190438962
2803 2996923055
2799 2997623780
2802 2190438962
2803 2996923055
2819 3166201550
2837 5889281579
2845 1891203955
2847 3742387401
2849 5077403853
2862 5077157841
2873 3754677260
2875 5287575076
2876 5627032540
2891 3134481285
2892 2712922785
2891 3134481285
2892 2712922785
2902 3922673664
2909 2681060552
2911 2041321145
2926 2105988793
2933 2724542812
2940 5938384677
2949 2537796947
2940 5938384677
2949 2537796947
2969 5173132598
2979 5878608227
2993 2587012167
3002 5583335040
3013 2816336054
3021 3883704114
2993 2587012167
3002 5583335040
3013 2816336054
3021 3883704114
3031 3287364341
3033 3127072053
3035 5881667281
3045 2804670293
3048 5561195304
3052 3473119704
3067 2406593457
3067 2406593457
3079 5487711272
3083 5521920720
3100 2946795467
3117 5288744202
3117 5288744202
3117 5288744202
3132 5333240027
3133 5611413324
3156 5799510939
3166 1879377495
3167 5378972359
3179 5582013256
3185 5776164096
3189 1717426353
3194 3913130059
3199 5531550417
3185 5776164096
3189 1717426353
3194 3913130059
3199 5531550417
3204 3687155967
3215 5235012719
3240 2397154292
3242 5364232927
3258 2286146150
3259 2418279311
3266 1957813207
3309 3929209273
3313 5874091984
3345 3916499085
3348 2651365335
3348 2651365335
3370 5088445919
3389 1979752671
3392 5584820139
3400 2369984835
3404 2261930731
3405 5080870603
3400 2369984835
3404 2261930731
3405 5080870603
3437 5216157222
3440 5984987991
3447 3488302200
3451 2815450281
3460 5324867523
3463 5215589591
3447 3488302200
3451 2815450281
3460 5324867523
3463 5215589591
3500 5626374457
3514 3012178020
3530 5571762783
3530 5571762783
3539 2963352005
3590 2233097017
3590 2233097017
3604 5575030819
3619 1786748191
3619 1786748191
3637 1950964161
3642 5635398318
3651 2613926635
3672 5713943727
3673 1628832785
3677 5104681275
3672 5713943727
3673 1628832785
3677 5104681275
3715 5124902088
3728 5637555636
3715 5124902088
3728 5637555636
3738 5469947741
3749 2534584450
3754 5596094987
3755 2678952787
3772 2813104432
3779 2369821637
3782 5763701870
3779 2369821637
3782 5763701870
3814 5676417732
3814 5676417732
3838 3294874285
3842 2701723930
3850 5362072252
3850 5362072252
3876 5891974291
3877 5728904254
3883 5572624849
3917 3302913197
3925 2183876124
3933 3213438313
3935 2207132541
3937 2297867013
3940 3739590044
3959 5935365919
3959 5935365919
3967 1913902225
3970 2636245151
3971 2823179140
3987 5980229576
3989 2655998810
4009 2179053081
4050 5521438029
4072 5722905754
4079 1764761135
4072 5722905754
4079 1764761135
4105 5780740567
4106 2723889121
4108 5756428741
4111 5046476415
4116 5551657297
4123 2286521511
4130 5502511481
4135 5721152328
4123 2286521511
4130 5502511481
4135 5721152328
4146 2965233630
4151 2485963601
4159 2104794887
4168 5534192628
4170 1993118437
4186 2802283485
4186 2802283485
4214 5581691706
4218 3245024591
4222 2573458522
4223 5236954064
4227 5644048582
4300 2669551951
4301 3914375497
4311 3201539560
4322 2383021583
4346 2191652052
4338 5829962402
4346 2191652052
4369 2486906947
4399 2662181031
4406 3106064401
4399 2662181031
4406 3106064401
4418 5586953707
4437 5836172249
4463 5828776697
4472 2276258591
4489 1767496927
4498 3316304105
4504 2610833781
4520 2930225917
4536 3040340820
4539 5326354740
4571 5594770825
4572 5954900295
4574 5802833636
4594 5613147283
4572 5954900295
4574 5802833636
4594 5613147283
4607 1886209371
4614 3605038142
4620 1634002865
4627 5156366128
4632 3825019798
4641 5832261398
4674 2354310403
4702 2183264831
4765 5309100993
4773 5606877612
4794 5347527756
4808 5603280473
4816 5516281757
4808 5603280473
4816 5516281757
4851 1921430931
4859 5287577959
4872 2246478621
4859 5287577959
4872 2246478621
4889 2906718507
4906 2419632303
4906 2419632303
4922 2440824344
4924 2452769500
4948 2411007037
4924 2452769500
4948 2411007037
4957 5937997652
4964 1762952163
4966 2492479940
4967 5588779128
4975 1931603353
4976 5377167117
4979 5829649629
4982 1911416787
4982 1911416787
5044 2065336607
5047 2637103687
5048 2981843394
5051 2154166855
5057 5750602784
5079 3748675632
5079 3748675632
5099 5059604631
5116 5627602039
5123 5372878862
5132 1701248253
5155 2341032193
5155 2341032193
5162 2815401183
5166 1837368500
5179 2259273647
5189 5973991492
5179 2259273647
5189 5973991492
5207 2029718590
5231 5181457833
5231 5181457833
5265 3083532095
5294 2061154053
5300 5849561326
5294 2061154053
5300 5849561326
5310 3034822145
5325 2308346992
5325 2308346992
5339 2616006141
5342 5524128290
5414 5872269335
5414 5872269335
5431 3848769794
5433 3062909254
5458 5878719007
5473 5889847274
5473 5889847274
5490 5964135769
5502 3223217490
5502 3223217490
5517 1896545213
5521 5332805973
5524 5043311976
5525 1940727047
5540 2455705110
5549 2984843824
5550 1880396022
5551 2814727702
5560 2265752391
5549 2984843824
5550 1880396022
5551 2814727702
5560 2265752391
5605 1584778182
5610 2752955451
5621 5679001198
5626 2290244892
5640 3132863193
5650 5917919185
5652 5778545591
5650 5917919185
5652 5778545591
5670 5176452679
5680 5068360799
5685 2855322392
5695 2716170485
5698 5647563314
5700 5516268614
5704 3154429733
5704 3154429733
5730 2630945547
5767 3608215517
5773 2481503275
5786 5737707500
5815 5226399850
5815 5226399850
5847 5661639921
5859 3986906157
5847 5661639921
5859 3986906157
5908 2814397745
5911 2932753105
5915 1706457721
5917 2424323022
5927 3947696809
5932 2694793735
5941 5984896217
5953 1864505137
5953 1864505137
5990 5490414363
6014 5859972485
6031 2501246792
6042 5791972518
6077 2573689902
6100 3198176235
6102 5873542355
6105 2680674317
6118 5647023339
6119 2175828193
6105 2680674317
6118 5647023339
6119 2175828193
6154 3303379471
6174 2380246863
6190 2605775973
6191 5035215951
6229 2315221663
6229 2315221663
6239 1807251212
6253 3907694129
6255 5601570185
6290 5474656288
6290 5474656288
6290 5474656288
6337 5982032343
6344 3076170161
6390 1896341681
6392 5448369701
6393 5519777342
6396 2176703835
6397 1410171632
6398 3828644438
6400 5500524350
6402 3051226635
6390 1896341681
6390 1896341681
6392 5448369701
6393 5519777342
6396 2176703835
6397 1410171632
6398 3828644438
6400 5500524350
6402 3051226635
6416 2084057511
6465 3201606613
6472 2997882075
6465 3201606613
6472 2997882075
6525 3124597134
6549 3048701860
6549 3048701860
6559 2192139537
6570 3028712911
6559 2192139537
6570 3028712911
6607 2072493494
6648 5462086118
6653 2630093365
6660 5607644969
6653 2630093365
6660 5607644969
6674 2294738243
6681 2798798835
6685 2356144274
6695 3282975961
6708 2703893203
6731 5197384703
6738 5392898304
6742 2979413532
6744 2628093885
6746 5073338032
6738 5392898304
6742 2979413532
6744 2628093885
6746 5073338032
6766 3067622454
6781 2030675035
6783 2335936945
6797 5983173878
6797 5983173878
6843 5241879413
6863 1418924145
6870 1664917695
6872 2670752081
6880 2494242143
6899 1785492582
6914 5492566115
6916 3281421485
6899 1785492582
6914 5492566115
6916 3281421485
6924 5855502271
6990 3954546621
7000 1963699155
7045 3151332462
7052 2701018632
7052 2701018632
7066 5768067052
7086 5535030794
7092 5245342389
7116 1892006651
7117 2683190423
7121 3212861630
7126 2934091355
7130 1847451662
7142 2702693833
7146 1668794215
7152 2846917757
7142 2702693833
7146 1668794215
7152 2846917757
7164 2010373223
7170 1870886073
7187 5115698009
7193 1739468417
7196 2480162412
7187 5115698009
7193 1739468417
7196 2480162412
7200 3033426240
7204 2530826512
7205 1862849062
7212 3644284014
7217 5686161013
7225 1789592483
7226 3239875027
7217 5686161013
7225 1789592483
7226 3239875027
7241 5764446643
7242 5485328123
7245 3300401417
7262 3493219032
7267 5900088194
7262 3493219032
7267 5900088194
7274 3276642797
7275 5232752788
7312 3493017471
7316 5213231913
7318 5948215054
7332 5124289106
7348 2447533287
7358 5912464047
7366 2087673645
7375 2898804241
7377 1840726602
7378 1868623520
7418 5134694445
7419 5450286132
7441 2653741384
7458 2323283802
7462 3302784253
7464 3081134851
7466 5895902285
7458 2323283802
7462 3302784253
7464 3081134851
7466 5895902285
7471 5973347504
7496 5674640432
7496 5674640432
7519 3698123962
7527 5476567469
7560 5786347560
7568 2041051683
7574 2370278283
7579 2274121105
7590 3280689533
7608 1748967034
7612 2836517895
7614 5262221221
7630 2403281567
7633 1232415894
7639 1247781967
7673 2125533901
7677 1002086171
7673 2125533901
7677 1002086171
7685 5623285827
7694 1843917434
7701 2179637971
7709 2758654303
7694 1843917434
7701 2179637971
7694 1843917434
7701 2179637971
7709 2758654303
7727 3298798772
7752 3214311904
7755 3669073525
7758 1931388027
7784 2863981670
7786 5810217358
7798 2658182245
7784 2863981670
7786 5810217358
7798 2658182245
7826 2064605527
7828 5847231275
7836 2448838655
7851 2080385745
7892 5720211270
7904 1740990325
7907 5448230956
7912 5695757467
7930 5277440323
