211 1734842954
211 1734842954
241 5392557801
246 2147167753
247 2787335764
241 5392557801
246 2147167753
247 2787335764
254 5684213066
254 5684213066
273 5847239065
276 3806578799
281 3800996621
273 5847239065
276 3806578799
281 3800996621
306 1783247185
306 1783247185
312 5556860988
315 3019215820
312 5556860988
315 3019215820
327 2611694953
327 2611694953
347 5533245992
351 3016042573
347 5533245992
351 3016042573
412 2386328507
412 2386328507
431 5899878738
432 3203962293
431 5899878738
432 3203962293
437 2804202011
444 5997297021
445 2297289715
449 2612862150
437 2804202011
444 5997297021
445 2297289715
449 2612862150
455 5536854881
455 5536854881
471 3951382313
472 3121684750
471 3951382313
472 3121684750
508 1726645992
508 1726645992
524 3005876252
524 3005876252
524 3005876252
554 5336756740
554 5336756740
595 2683579534
595 2683579534
597 2952345701
595 2683579534
597 2952345701
611 3016423373
611 3016423373
611 3016423373
639 5146303388
639 5146303388
639 5146303388
651 2447231010
651 2447231010
674 5909213330
675 5330160443
674 5909213330
675 5330160443
681 5318829503
682 3749183380
674 5909213330
675 5330160443
681 5318829503
682 3749183380
690 2904255173
693 5883929093
681 5318829503
682 3749183380
690 2904255173
693 5883929093
697 3919354153
690 2904255173
693 5883929093
697 3919354153
726 5910122805
726 5910122805
736 5585450006
741 2840304421
748 5671318474
736 5585450006
741 2840304421
748 5671318474
741 2840304421
748 5671318474
771 3833262185
771 3833262185
771 3833262185
792 3265657240
792 3265657240
792 3265657240
827 1214240403
827 1214240403
827 1214240403
863 2526504190
863 2526504190
883 3212426724
883 3212426724
883 3212426724
904 3299357463
904 3299357463
925 5416264568
925 5416264568
925 5416264568
973 5692498900
973 5692498900
984 1733953981
984 1733953981
991 3803863872
984 1733953981
991 3803863872
1011 2817795937
1011 2817795937
1029 3129671261
1036 5680538738
1038 1811915870
1029 3129671261
1036 5680538738
1038 1811915870
1046 1444291092
1057 3291915694
1046 1444291092
1057 3291915694
1065 5706476339
1057 3291915694
1065 5706476339
1065 5706476339
1087 1003275884
1087 1003275884
1089 3925633431
1087 1003275884
1089 3925633431
1118 3823950959
1120 5386810427
1123 1807587531
1118 3823950959
1120 5386810427
1123 1807587531
1123 1807587531
1137 3887839226
1149 5813536408
1137 3887839226
1149 5813536408
1149 5813536408
1162 2815248593
1162 2815248593
1171 2751228487
1171 2751228487
1185 2961741707
1188 2664641363
1185 2961741707
1188 2664641363
1188 2664641363
1220 3161225565
1220 3161225565
1235 2445582935
1237 5516656067
1249 5312193553
1263 2024372967
1293 1780997081
1330 2258390265
1330 2258390265
1335 5386087401
1330 2258390265
1335 5386087401
1349 5891230848
1355 5499179919
1349 5891230848
1355 5499179919
1362 2642331700
1362 2642331700
1394 3246189577
1401 5149637398
1394 3246189577
1401 5149637398
1427 2952569707
1427 2952569707
1437 3665930685
1427 2952569707
1437 3665930685
1451 2582812513
1453 3167653402
1451 2582812513
1453 3167653402
1459 2956065371
1451 2582812513
1453 3167653402
1459 2956065371
1469 1960072177
1469 1960072177
1479 2301552827
1483 1991919145
1479 2301552827
1483 1991919145
1495 3995966530
1495 3995966530
1525 1582954600
1526 5727655374
1525 1582954600
1526 5727655374
1529 2272676575
1529 2272676575
1555 3311778374
1558 2147137323
1555 3311778374
1558 2147137323
1562 5728089961
1563 2681256503
1563 2681256503
1580 2528417580
1587 3467504780
1580 2528417580
1587 3467504780
1593 3788194240
1595 3861559915
1593 3788194240
1595 3861559915
1607 5852199106
1607 5852199106
1637 1659726234
1646 2664142751
1649 2841853267
1637 1659726234
1646 2664142751
1649 2841853267
1646 2664142751
1649 2841853267
1668 2998200442
1668 2998200442
1681 5276031116
1681 5276031116
1692 3650648277
1692 3650648277
1704 1890660292
1711 3182412882
1711 3182412882
1721 1681610657
1721 1681610657
1741 5088626343
1741 5088626343
1749 5353491247
1806 3783110420
1811 3828655830
1815 5347791552
1806 3783110420
1811 3828655830
1815 5347791552
1854 1769796251
1858 5545503485
1864 2992187364
1864 2992187364
1890 5704600359
1898 2130266520
1890 5704600359
1898 2130266520
1907 1934953557
1918 5595734324
1931 2049947443
1918 5595734324
1931 2049947443
1951 5047316788
1953 1762294547
1951 5047316788
1953 1762294547
1976 2643978563
1976 2643978563
1989 1906886555
2006 5288962623
2009 5556527678
2013 2382030882
2024 2950901393
2013 2382030882
2024 2950901393
2040 5618545200
2044 3774924661
2049 2001308841
2050 2797406037
2056 5821990144
2059 5402100380
2063 2116047344
2049 2001308841
2050 2797406037
2056 5821990144
2059 5402100380
2063 2116047344
2066 5401988157
2068 3299944600
2113 1095858430
2123 2959057223
2126 3509533217
2150 5077114799
2156 5554760620
2159 5915193089
2160 2152287375
2164 2033489301
2183 3810602574
2217 1990082243
2218 1872984051
2225 2187145387
2261 1625387772
2271 3237560502
2311 1741162484
2313 5233342231
