5516656067
2033489301
5353491247
3016423373
3265657240
2258390265
3800996621
3823950959
5330160443
1990082243
3129671261
5813536408
1733953981
2952569707
2528417580
3925633431
5909213330
2817795937
2611694953
3299357463
1769796251
1872984051
5088626343
3650648277
3182412882
3121684750
1762294547
2001308841
2187145387
5401988157
2664641363
3467504780
3167653402
5233342231
3810602574
3749183380
2582812513
1726645992
5077114799
1960072177
2301552827
1780997081
1934953557
3861559915
2841853267
3783110420
5536854881
5149637398
5847239065
5312193553
2952345701
5585450006
5680538738
3509533217
5821990144
1890660292
5386810427
2961741707
2683579534
5392557801
1991919145
5554760620
5891230848
5336756740
3919354153
2992187364
2445582935
3299944600
3005876252
2664142751
1734842954
2998200442
5852199106
3237560502
2447231010
1582954600
3833262185
2049947443
1095858430
5915193089
5318829503
5706476339
2382030882
2815248593
3995966530
5727655374
3774924661
2297289715
1681610657
2643978563
2386328507
1003275884
3246189577
5704600359
5899878738
2147137323
5499179919
3212426724
5545503485
3803863872
1659726234
2797406037
1807587531
2904255173
1811915870
2956065371
2147167753
5618545200
5728089961
2751228487
5347791552
5276031116
5692498900
5146303388
2959057223
5997297021
2642331700
3665930685
5556860988
3016042573
5595734324
3019215820
5910122805
1906886555
2950901393
1214240403
5684213066
5288962623
3311778374
2787335764
1625387772
2272676575
3951382313
5671318474
5416264568
1444291092
1783247185
2116047344
2804202011
2681256503
2612862150
3887839226
3203962293
5402100380
3806578799
3788194240
3161225565
5556527678
2152287375
2024372967
5533245992
1741162484
3291915694
5047316788
2130266520
3828655830
5386087401
2526504190
5883929093
2840304421
